{
    "K": [
        [
            1111.111111111111,
            0,
            400.0
        ],
        [
            0.0,
            1111.111111111111,
            400.0
        ],
        [
            0.0,
            0.0,
            1.0
        ]
    ],
    "0000": [
        [
            0.9999999403953552,
            0.0,
            0.0,
            0.0
        ],
        [
            0.0,
            0.4085645377635956,
            -0.9127294421195984,
            -2.6807892322540283
        ],
        [
            0.0,
            0.9127294421195984,
            0.4085645377635956,
            1.100000023841858
        ],
        [
            0.0,
            0.0,
            0.0,
            1.0
        ]
    ],
    "0001": [
        [
            0.9999971985816956,
            -0.0009624503436498344,
            0.002149770502001047,
            0.00631329882889986
        ],
        [
            0.002355381613597274,
            0.40861639380455017,
            -0.9127032160758972,
            -2.6803641319274902
        ],
        [
            5.8207657444020455e-11,
            0.9127057194709778,
            0.4086175858974457,
            1.100000023841858
        ],
        [
            0.0,
            0.0,
            0.0,
            1.0
        ]
    ],
    "0002": [
        [
            0.9999561905860901,
            -0.0038238391280174255,
            0.008537420071661472,
            0.025063132867217064
        ],
        [
            0.009354638867080212,
            0.40874603390693665,
            -0.9126002192497253,
            -2.6791021823883057
        ],
        [
            -2.3283062977608182e-10,
            0.9126401543617249,
            0.40876391530036926,
            1.100000023841858
        ],
        [
            0.0,
            0.0,
            0.0,
            1.0
        ]
    ],
    "0003": [
        [
            0.9997814893722534,
            -0.008547727018594742,
            0.0190728772431612,
            0.055963799357414246
        ],
        [
            0.020900676026940346,
            0.4088795781135559,
            -0.9123489260673523,
            -2.6770219802856445
        ],
        [
            -4.656612873077393e-10,
            0.9125482439994812,
            0.40896889567375183,
            1.100000023841858
        ],
        [
            0.0,
            0.0,
            0.0,
            1.0
        ]
    ],
    "0004": [
        [
            0.9993191957473755,
            -0.015096406452357769,
            0.03366454690694809,
            0.09872836619615555
        ],
        [
            0.03689448907971382,
            0.4088992476463318,
            -0.9118334054946899,
            -2.6741433143615723
        ],
        [
            0.0,
            0.9124546647071838,
            0.40917783975601196,
            1.100000023841858
        ],
        [
            0.0,
            0.0,
            0.0,
            1.0
        ]
    ],
    "0005": [
        [
            0.9983612895011902,
            -0.023423459380865097,
            0.05221223086118698,
            0.15307112038135529
        ],
        [
            0.057225655764341354,
            0.40864667296409607,
            -0.9108968377113342,
            -2.670485258102417
        ],
        [
            0.0,
            0.9123920202255249,
            0.4093174636363983,
            1.100000023841858
        ],
        [
            0.0,
            0.0,
            0.0,
            1.0
        ]
    ],
    "0006": [
        [
            0.9966520667076111,
            -0.033463865518569946,
            0.07459715008735657,
            0.21870765089988708
        ],
        [
            0.08175918459892273,
            0.40792760252952576,
            -0.9093461632728577,
            -2.6660666465759277
        ],
        [
            0.0,
            0.9124007821083069,
            0.4092978835105896,
            1.100000023841858
        ],
        [
            0.0,
            0.0,
            0.0,
            1.0
        ]
    ],
    "0007": [
        [
            0.9938962459564209,
            -0.045121993869543076,
            0.1006690189242363,
            0.2953509986400604
        ],
        [
            0.11031883209943771,
            0.406517893075943,
            -0.9069581031799316,
            -2.660907745361328
        ],
        [
            3.725290076417309e-09,
            0.9125279188156128,
            0.4090144634246826,
            1.100000023841858
        ],
        [
            0.0,
            0.0,
            0.0,
            1.0
        ]
    ],
    "0008": [
        [
            0.9897688031196594,
            -0.05831024423241615,
            0.1302216500043869,
            0.38237065076828003
        ],
        [
            0.14268061518669128,
            0.40449538826942444,
            -0.9033414125442505,
            -2.65248703956604
        ],
        [
            3.725290076417309e-09,
            0.9126792550086975,
            0.40867671370506287,
            1.100000023841858
        ],
        [
            0.0,
            0.0,
            0.0,
            1.0
        ]
    ],
    "0009": [
        [
            0.9838892817497253,
            -0.07315223664045334,
            0.16312745213508606,
            0.47840583324432373
        ],
        [
            0.17877866327762604,
            0.4025854766368866,
            -0.8977544903755188,
            -2.632855176925659
        ],
        [
            7.450580152834618e-09,
            0.9124547243118286,
            0.40917763113975525,
            1.100000023841858
        ],
        [
            0.0,
            0.0,
            0.0,
            1.0
        ]
    ],
    "0010": [
        [
            0.9758581519126892,
            -0.08937153220176697,
            0.1992824524641037,
            0.5844049453735352
        ],
        [
            0.21840505301952362,
            0.39932194352149963,
            -0.8904162049293518,
            -2.6111865043640137
        ],
        [
            7.450580596923828e-09,
            0.9124443531036377,
            0.4092007577419281,
            1.100000023841858
        ],
        [
            0.0,
            0.0,
            0.0,
            1.0
        ]
    ],
    "0011": [
        [
            0.9652922749519348,
            -0.10671280324459076,
            0.23837634921073914,
            0.7000914812088013
        ],
        [
            0.26117217540740967,
            0.39441046118736267,
            -0.8810388445854187,
            -2.5875377655029297
        ],
        [
            0.0,
            0.9127172231674194,
            0.40859177708625793,
            1.100000023841858
        ],
        [
            0.0,
            0.0,
            0.0,
            1.0
        ]
    ],
    "0012": [
        [
            0.9517689943313599,
            -0.12552766501903534,
            0.27996179461479187,
            0.8211415410041809
        ],
        [
            0.3068155348300934,
            0.38939791917800903,
            -0.8684661984443665,
            -2.547253370285034
        ],
        [
            0.0,
            0.9124758243560791,
            0.40913066267967224,
            1.100000023841858
        ],
        [
            0.0,
            0.0,
            0.0,
            1.0
        ]
    ],
    "0013": [
        [
            0.9348242282867432,
            -0.14526799321174622,
            0.3240383565425873,
            0.9505426287651062
        ],
        [
            0.3551107347011566,
            0.3824160099029541,
            -0.8530265688896179,
            -2.502290725708008
        ],
        [
            7.450580596923828e-09,
            0.9124994277954102,
            0.4090779423713684,
            1.100000023841858
        ],
        [
            0.0,
            0.0,
            0.0,
            1.0
        ]
    ],
    "0014": [
        [
            0.9141208529472351,
            -0.16575922071933746,
            0.370009183883667,
            1.0860364437103271
        ],
        [
            0.4054415822029114,
            0.3737257122993469,
            -0.8342338800430298,
            -2.448610544204712
        ],
        [
            1.4901160305669237e-08,
            0.912607729434967,
            0.4088362157344818,
            1.100000023841858
        ],
        [
            0.0,
            0.0,
            0.0,
            1.0
        ]
    ],
    "0015": [
        [
            0.8891715407371521,
            -0.18724247813224792,
            0.41750967502593994,
            1.2243478298187256
        ],
        [
            0.45757409930229187,
            0.36385512351989746,
            -0.8113170862197876,
            -2.3791887760162354
        ],
        [
            -1.4901161193847656e-08,
            0.9124415516853333,
            0.40920695662498474,
            1.100000023841858
        ],
        [
            0.0,
            0.0,
            0.0,
            1.0
        ]
    ],
    "0016": [
        [
            0.8596813678741455,
            -0.20876827836036682,
            0.4662228524684906,
            1.3689488172531128
        ],
        [
            0.5108305811882019,
            0.3513379991054535,
            -0.7846105694770813,
            -2.303816080093384
        ],
        [
            0.0,
            0.9126759767532349,
            0.40868398547172546,
            1.100000023841858
        ],
        [
            0.0,
            0.0,
            0.0,
            1.0
        ]
    ],
    "0017": [
        [
            0.8252551555633545,
            -0.23112823069095612,
            0.5152996182441711,
            1.5109567642211914
        ],
        [
            0.5647600293159485,
            0.3377359211444855,
            -0.7529811263084412,
            -2.2078843116760254
        ],
        [
            0.0,
            0.9124221801757812,
            0.40925031900405884,
            1.100000023841858
        ],
        [
            0.0,
            0.0,
            0.0,
            1.0
        ]
    ],
    "0018": [
        [
            0.7856645584106445,
            -0.2528878450393677,
            0.564605176448822,
            1.6574680805206299
        ],
        [
            0.6186527609825134,
            0.3211575150489807,
            -0.7170261740684509,
            -2.1049187183380127
        ],
        [
            1.4901161193847656e-08,
            0.9126366376876831,
            0.408771812915802,
            1.100000023841858
        ],
        [
            0.0,
            0.0,
            0.0,
            1.0
        ]
    ],
    "0019": [
        [
            0.7406111359596252,
            -0.27498510479927063,
            0.6130892038345337,
            1.7977209091186523
        ],
        [
            0.6719338297843933,
            0.3030908703804016,
            -0.6757520437240601,
            -1.9814629554748535
        ],
        [
            0.0,
            0.9124248623847961,
            0.4092443287372589,
            1.100000023841858
        ],
        [
            0.0,
            0.0,
            0.0,
            1.0
        ]
    ],
    "0020": [
        [
            0.6900452971458435,
            -0.29603004455566406,
            0.660457193851471,
            1.9377082586288452
        ],
        [
            0.7237661480903625,
            0.2822377681732178,
            -0.6296859383583069,
            -1.8474289178848267
        ],
        [
            -1.4901160305669237e-08,
            0.9125284552574158,
            0.40901339054107666,
            1.100000023841858
        ],
        [
            0.0,
            0.0,
            0.0,
            1.0
        ]
    ],
    "0021": [
        [
            0.6337457895278931,
            -0.3164319396018982,
            0.7058590054512024,
            2.070629596710205
        ],
        [
            0.7735413312911987,
            0.25924593210220337,
            -0.5782951712608337,
            -1.6964225769042969
        ],
        [
            -1.4901161193847656e-08,
            0.9125033020973206,
            0.4090692102909088,
            1.100000023841858
        ],
        [
            0.0,
            0.0,
            0.0,
            1.0
        ]
    ],
    "0022": [
        [
            0.5719066262245178,
            -0.3356904983520508,
            0.748488187789917,
            2.1948750019073486
        ],
        [
            0.8203186392784119,
            0.2340354174375534,
            -0.5218281745910645,
            -1.5302146673202515
        ],
        [
            1.4901161193847656e-08,
            0.9124358892440796,
            0.4092195928096771,
            1.100000023841858
        ],
        [
            0.0,
            0.0,
            0.0,
            1.0
        ]
    ],
    "0023": [
        [
            0.5044975280761719,
            -0.3527342677116394,
            0.7880740761756897,
            2.314831256866455
        ],
        [
            0.8634131550788879,
            0.20610477030277252,
            -0.46047642827033997,
            -1.352569818496704
        ],
        [
            -1.4901161193847656e-08,
            0.9127427935600281,
            0.4085347056388855,
            1.100000023841858
        ],
        [
            0.0,
            0.0,
            0.0,
            1.0
        ]
    ],
    "0024": [
        [
            0.43178507685661316,
            -0.3690568208694458,
            0.8230181336402893,
            2.4137520790100098
        ],
        [
            0.9019765257835388,
            0.17667114734649658,
            -0.39398688077926636,
            -1.155486822128296
        ],
        [
            -1.4901160305669237e-08,
            0.9124606251716614,
            0.40916457772254944,
            1.100000023841858
        ],
        [
            0.0,
            0.0,
            0.0,
            1.0
        ]
    ],
    "0025": [
        [
            0.3541790843009949,
            -0.38256943225860596,
            0.8533450961112976,
            2.503166675567627
        ],
        [
            0.9351776242256165,
            0.1448902189731598,
            -0.3231867551803589,
            -0.9480224251747131
        ],
        [
            1.4901161193847656e-08,
            0.9124950766563416,
            0.40908750891685486,
            1.100000023841858
        ],
        [
            0.0,
            0.0,
            0.0,
            1.0
        ]
    ],
    "0026": [
        [
            0.2719440758228302,
            -0.39322444796562195,
            0.8783057928085327,
            2.57930588722229
        ],
        [
            0.9623129367828369,
            0.11112295836210251,
            -0.24820414185523987,
            -0.728896975517273
        ],
        [
            0.0,
            0.9127027988433838,
            0.4086242616176605,
            1.100000023841858
        ],
        [
            0.0,
            0.0,
            0.0,
            1.0
        ]
    ],
    "0027": [
        [
            0.18576458096504211,
            -0.4020991921424866,
            0.8965532183647156,
            2.629047155380249
        ],
        [
            0.9825943112373352,
            0.07601895928382874,
            -0.16949808597564697,
            -0.49703511595726013
        ],
        [
            0.0,
            0.9124348163604736,
            0.4092220067977905,
            1.100000023841858
        ],
        [
            0.0,
            0.0,
            0.0,
            1.0
        ]
    ],
    "0028": [
        [
            0.09631932526826859,
            -0.40728598833084106,
            0.908207356929779,
            2.6634397506713867
        ],
        [
            0.9953504204750061,
            0.039412759244441986,
            -0.08788654953241348,
            -0.2577390670776367
        ],
        [
            0.0,
            0.912449836730957,
            0.40918847918510437,
            1.100000023841858
        ],
        [
            0.0,
            0.0,
            0.0,
            1.0
        ]
    ],
    "0029": [
        [
            0.0042078229598701,
            -0.40865427255630493,
            0.9126795530319214,
            2.680030107498169
        ],
        [
            0.9999911785125732,
            0.0017195602413266897,
            -0.0038404283113777637,
            -0.011277193203568459
        ],
        [
            -1.1641532182693481e-10,
            0.9126875996589661,
            0.40865790843963623,
            1.100000023841858
        ],
        [
            0.0,
            0.0,
            0.0,
            1.0
        ]
    ],
    "0030": [
        [
            -0.08956307172775269,
            -0.4076036810874939,
            0.9087561368942261,
            2.664659261703491
        ],
        [
            0.9959811568260193,
            -0.0366535447537899,
            0.08171941339969635,
            0.23961806297302246
        ],
        [
            3.725290076417309e-09,
            0.9124230742454529,
            0.40924835205078125,
            1.100000023841858
        ],
        [
            0.0,
            0.0,
            0.0,
            1.0
        ]
    ],
    "0031": [
        [
            -0.18398724496364594,
            -0.4022265076637268,
            0.8968625664710999,
            2.630016326904297
        ],
        [
            0.9829285740852356,
            -0.07528986036777496,
            0.1678771823644638,
            0.4922936260700226
        ],
        [
            7.450580152834618e-09,
            0.912439227104187,
            0.4092123508453369,
            1.100000023841858
        ],
        [
            0.0,
            0.0,
            0.0,
            1.0
        ]
    ],
    "0032": [
        [
            -0.27816513180732727,
            -0.3926153779029846,
            0.8766283392906189,
            2.5736052989959717
        ],
        [
            0.9605332612991333,
            -0.11369924247264862,
            0.2538667321205139,
            0.7453019022941589
        ],
        [
            -7.450580596923828e-09,
            0.9126476049423218,
            0.40874725580215454,
            1.100000023841858
        ],
        [
            0.0,
            0.0,
            0.0,
            1.0
        ]
    ],
    "0033": [
        [
            -0.3710342049598694,
            -0.3796767294406891,
            0.8474545478820801,
            2.4872610569000244
        ],
        [
            0.9286191463470459,
            -0.1517016440629959,
            0.33860450983047485,
            0.9937970042228699
        ],
        [
            -1.4901160305669237e-08,
            0.9125964045524597,
            0.40886157751083374,
            1.100000023841858
        ],
        [
            0.0,
            0.0,
            0.0,
            1.0
        ]
    ],
    "0034": [
        [
            -0.4613519608974457,
            -0.36303970217704773,
            0.8095409870147705,
            2.3740828037261963
        ],
        [
            0.887217104434967,
            -0.1887802630662918,
            0.4209604263305664,
            1.234520435333252
        ],
        [
            1.4901160305669237e-08,
            0.9124494791030884,
            0.40918928384780884,
            1.100000023841858
        ],
        [
            0.0,
            0.0,
            0.0,
            1.0
        ]
    ],
    "0035": [
        [
            -0.5480431318283081,
            -0.342294305562973,
            0.7632059454917908,
            2.2380168437957764
        ],
        [
            0.8364500403404236,
            -0.22427165508270264,
            0.5000535249710083,
            1.4663516283035278
        ],
        [
            -1.4901161193847656e-08,
            0.9124345183372498,
            0.40922263264656067,
            1.100000023841858
        ],
        [
            0.0,
            0.0,
            0.0,
            1.0
        ]
    ],
    "0036": [
        [
            -0.6300173401832581,
            -0.3176272511482239,
            0.7086544632911682,
            2.0791447162628174
        ],
        [
            0.7765809893608093,
            -0.257681667804718,
            0.5749105215072632,
            1.6867488622665405
        ],
        [
            1.4901160305669237e-08,
            0.9125310778617859,
            0.40900731086730957,
            1.100000023841858
        ],
        [
            0.0,
            0.0,
            0.0,
            1.0
        ]
    ],
    "0037": [
        [
            -0.7061851024627686,
            -0.28931501507759094,
            0.6462193727493286,
            1.8977552652359009
        ],
        [
            0.708027184009552,
            -0.28856226801872253,
            0.6445380449295044,
            1.892817735671997
        ],
        [
            0.0,
            0.9127039909362793,
            0.40862134099006653,
            1.100000023841858
        ],
        [
            0.0,
            0.0,
            0.0,
            1.0
        ]
    ],
    "0038": [
        [
            -0.7754397988319397,
            -0.2582712769508362,
            0.5761849284172058,
            1.6903879642486572
        ],
        [
            0.6314214468002319,
            -0.31717929244041443,
            0.7076045274734497,
            2.075941562652588
        ],
        [
            0.0,
            0.9125202298164368,
            0.409031480550766,
            1.100000023841858
        ],
        [
            0.0,
            0.0,
            0.0,
            1.0
        ]
    ],
    "0039": [
        [
            -0.8367775082588196,
            -0.2240653932094574,
            0.49959796667099,
            1.4650261402130127
        ],
        [
            0.5475430488586426,
            -0.3424258232116699,
            0.7635058760643005,
            2.238912343978882
        ],
        [
            0.0,
            0.9124358892440796,
            0.4092197120189667,
            1.100000023841858
        ],
        [
            0.0,
            0.0,
            0.0,
            1.0
        ]
    ],
    "0040": [
        [
            -0.8893362283706665,
            -0.187111958861351,
            0.4172171354293823,
            1.2234865427017212
        ],
        [
            0.4572537839412689,
            -0.3639236092567444,
            0.8114669322967529,
            2.3796215057373047
        ],
        [
            -1.4901160305669237e-08,
            0.9124411344528198,
            0.4092080891132355,
            1.100000023841858
        ],
        [
            0.0,
            0.0,
            0.0,
            1.0
        ]
    ],
    "0041": [
        [
            -0.9323623776435852,
            -0.14786484837532043,
            0.3299036920070648,
            0.9679258465766907
        ],
        [
            0.36152517795562744,
            -0.381338894367218,
            0.8508114814758301,
            2.496250867843628
        ],
        [
            0.0,
            0.9125331044197083,
            0.4090028703212738,
            1.100000023841858
        ],
        [
            0.0,
            0.0,
            0.0,
            1.0
        ]
    ],
    "0042": [
        [
            -0.9652280211448669,
            -0.10680832713842392,
            0.2385934591293335,
            0.7007381916046143
        ],
        [
            0.26140934228897095,
            -0.3943791091442108,
            0.8809825778007507,
            2.5874059200286865
        ],
        [
            0.0,
            0.9127196073532104,
            0.4085865020751953,
            1.100000023841858
        ],
        [
            0.0,
            0.0,
            0.0,
            1.0
        ]
    ],
    "0043": [
        [
            -0.9874234795570374,
            -0.06465327739715576,
            0.14427310228347778,
            0.42335107922554016
        ],
        [
            0.15809734165668488,
            -0.40380287170410156,
            0.9010818600654602,
            2.6441099643707275
        ],
        [
            -3.725290076417309e-09,
            0.9125586152076721,
            0.4089460074901581,
            1.100000023841858
        ],
        [
            0.0,
            0.0,
            0.0,
            1.0
        ]
    ],
    "0044": [
        [
            -0.9985993504524231,
            -0.02165563777089119,
            0.04827418923377991,
            0.14153209328651428
        ],
        [
            0.052909012883901596,
            -0.4087262749671936,
            0.9111221432685852,
            2.671262264251709
        ],
        [
            -1.8626450382086546e-09,
            0.9124000668525696,
            0.4092996120452881,
            1.100000023841858
        ],
        [
            0.0,
            0.0,
            0.0,
            1.0
        ]
    ],
    "0045": [
        [
            -0.9985994696617126,
            0.02165485918521881,
            -0.04827244579792023,
            -0.1415269821882248
        ],
        [
            -0.05290711298584938,
            -0.40872639417648315,
            0.9111221432685852,
            2.671262264251709
        ],
        [
            -1.862645149230957e-09,
            0.9124000668525696,
            0.4092996120452881,
            1.100000023841858
        ],
        [
            0.0,
            0.0,
            0.0,
            1.0
        ]
    ],
    "0046": [
        [
            -0.9874238967895508,
            0.06465233862400055,
            -0.14427098631858826,
            -0.42334485054016113
        ],
        [
            -0.15809504687786102,
            -0.4038030505180359,
            0.9010821580886841,
            2.644110918045044
        ],
        [
            3.725290076417309e-09,
            0.9125586152076721,
            0.4089460074901581,
            1.100000023841858
        ],
        [
            0.0,
            0.0,
            0.0,
            1.0
        ]
    ],
    "0047": [
        [
            -0.9652283191680908,
            0.10680781304836273,
            -0.23859228193759918,
            -0.7007346153259277
        ],
        [
            -0.2614080309867859,
            -0.39437928795814514,
            0.8809828758239746,
            2.5874063968658447
        ],
        [
            0.0,
            0.9127195477485657,
            0.4085865616798401,
            1.100000023841858
        ],
        [
            0.0,
            0.0,
            0.0,
            1.0
        ]
    ],
    "0048": [
        [
            -0.9323629140853882,
            0.1478641927242279,
            -0.32990214228630066,
            -0.9679211378097534
        ],
        [
            -0.36152347922325134,
            -0.38133925199508667,
            0.8508120179176331,
            2.4962520599365234
        ],
        [
            0.0,
            0.9125330448150635,
            0.40900295972824097,
            1.100000023841858
        ],
        [
            0.0,
            0.0,
            0.0,
            1.0
        ]
    ],
    "0049": [
        [
            -0.8893368244171143,
            0.1871115267276764,
            -0.41721609234809875,
            -1.2234833240509033
        ],
        [
            -0.4572526812553406,
            -0.36392390727996826,
            0.8114674091339111,
            2.3796226978302
        ],
        [
            0.0,
            0.912441074848175,
            0.40920811891555786,
            1.100000023841858
        ],
        [
            0.0,
            0.0,
            0.0,
            1.0
        ]
    ],
    "0050": [
        [
            -0.8367782235145569,
            0.2240649163722992,
            -0.4995967745780945,
            -1.4650226831436157
        ],
        [
            -0.5475417375564575,
            -0.34242624044418335,
            0.7635065913200378,
            2.2389144897460938
        ],
        [
            0.0,
            0.9124359488487244,
            0.4092197120189667,
            1.100000023841858
        ],
        [
            0.0,
            0.0,
            0.0,
            1.0
        ]
    ],
    "0051": [
        [
            -0.775440514087677,
            0.25827088952064514,
            -0.5761840343475342,
            -1.6903854608535767
        ],
        [
            -0.6314204931259155,
            -0.3171796202659607,
            0.707605242729187,
            2.0759437084198
        ],
        [
            0.0,
            0.9125202298164368,
            0.409031480550766,
            1.100000023841858
        ],
        [
            0.0,
            0.0,
            0.0,
            1.0
        ]
    ],
    "0052": [
        [
            -0.7061859369277954,
            0.2893146574497223,
            -0.6462185382843018,
            -1.8977532386779785
        ],
        [
            -0.7080263495445251,
            -0.2885625958442688,
            0.6445387601852417,
            1.8928203582763672
        ],
        [
            1.4901161193847656e-08,
            0.9127040505409241,
            0.408621221780777,
            1.100000023841858
        ],
        [
            0.0,
            0.0,
            0.0,
            1.0
        ]
    ],
    "0053": [
        [
            -0.6300187706947327,
            0.31762683391571045,
            -0.7086533308029175,
            -2.07914137840271
        ],
        [
            -0.7765797972679138,
            -0.25768229365348816,
            0.5749118328094482,
            1.6867527961730957
        ],
        [
            1.4901158529312397e-08,
            0.9125311374664307,
            0.40900731086730957,
            1.100000023841858
        ],
        [
            0.0,
            0.0,
            0.0,
            1.0
        ]
    ],
    "0054": [
        [
            -0.5480446219444275,
            0.3422938585281372,
            -0.7632051110267639,
            -2.2380142211914062
        ],
        [
            -0.8364489674568176,
            -0.22427228093147278,
            0.5000549554824829,
            1.466355562210083
        ],
        [
            -1.4901158529312397e-08,
            0.9124345183372498,
            0.40922269225120544,
            1.100000023841858
        ],
        [
            0.0,
            0.0,
            0.0,
            1.0
        ]
    ],
    "0055": [
        [
            -0.46135300397872925,
            0.36303946375846863,
            -0.8095405101776123,
            -2.374081611633301
        ],
        [
            -0.8872166275978088,
            -0.18878068029880524,
            0.4209614098072052,
            1.2345234155654907
        ],
        [
            0.0,
            0.9124494791030884,
            0.40918925404548645,
            1.100000023841858
        ],
        [
            0.0,
            0.0,
            0.0,
            1.0
        ]
    ],
    "0056": [
        [
            -0.3710351586341858,
            0.3796764612197876,
            -0.8474542498588562,
            -2.487260580062866
        ],
        [
            -0.9286187291145325,
            -0.15170200169086456,
            0.3386054039001465,
            0.9937998056411743
        ],
        [
            -1.4901158529312397e-08,
            0.9125965237617493,
            0.40886151790618896,
            1.100000023841858
        ],
        [
            0.0,
            0.0,
            0.0,
            1.0
        ]
    ],
    "0057": [
        [
            -0.2781667113304138,
            0.3926151394844055,
            -0.8766279816627502,
            -2.573604106903076
        ],
        [
            -0.9605328440666199,
            -0.11369987577199936,
            0.2538681924343109,
            0.745306134223938
        ],
        [
            0.0,
            0.9126476049423218,
            0.40874725580215454,
            1.100000023841858
        ],
        [
            0.0,
            0.0,
            0.0,
            1.0
        ]
    ],
    "0058": [
        [
            -0.18398894369602203,
            0.40222635865211487,
            -0.896862268447876,
            -2.6300158500671387
        ],
        [
            -0.9829283356666565,
            -0.07529054582118988,
            0.16787871718406677,
            0.4922982156276703
        ],
        [
            -7.450580596923828e-09,
            0.912439227104187,
            0.40921226143836975,
            1.100000023841858
        ],
        [
            0.0,
            0.0,
            0.0,
            1.0
        ]
    ],
    "0059": [
        [
            -0.08956395834684372,
            0.40760353207588196,
            -0.9087561368942261,
            -2.6646595001220703
        ],
        [
            -0.9959810972213745,
            -0.03665389493107796,
            0.08172022551298141,
            0.23962047696113586
        ],
        [
            0.0,
            0.9124230146408081,
            0.40924832224845886,
            1.100000023841858
        ],
        [
            0.0,
            0.0,
            0.0,
            1.0
        ]
    ],
    "0060": [
        [
            0.004206276964396238,
            0.40865427255630493,
            -0.9126795530319214,
            -2.680030345916748
        ],
        [
            -0.9999911189079285,
            0.001718928455375135,
            -0.0038390173576772213,
            -0.011273050680756569
        ],
        [
            0.0,
            0.9126876592636108,
            0.40865787863731384,
            1.100000023841858
        ],
        [
            0.0,
            0.0,
            0.0,
            1.0
        ]
    ],
    "0061": [
        [
            0.09631847590208054,
            0.40728601813316345,
            -0.9082074761390686,
            -2.6634397506713867
        ],
        [
            -0.9953505396842957,
            0.03941241279244423,
            -0.0878857746720314,
            -0.25773677229881287
        ],
        [
            3.725290298461914e-09,
            0.9124497771263123,
            0.40918853878974915,
            1.100000023841858
        ],
        [
            0.0,
            0.0,
            0.0,
            1.0
        ]
    ],
    "0062": [
        [
            0.18576377630233765,
            0.4020993113517761,
            -0.8965533971786499,
            -2.629047393798828
        ],
        [
            -0.98259437084198,
            0.07601863890886307,
            -0.16949735581874847,
            -0.49703294038772583
        ],
        [
            0.0,
            0.9124348163604736,
            0.4092220366001129,
            1.100000023841858
        ],
        [
            0.0,
            0.0,
            0.0,
            1.0
        ]
    ],
    "0063": [
        [
            0.2719425559043884,
            0.3932245969772339,
            -0.8783060908317566,
            -2.5793068408966064
        ],
        [
            -0.9623134136199951,
            0.11112233996391296,
            -0.24820274114608765,
            -0.7288928627967834
        ],
        [
            0.0,
            0.9127026796340942,
            0.4086242616176605,
            1.100000023841858
        ],
        [
            0.0,
            0.0,
            0.0,
            1.0
        ]
    ],
    "0064": [
        [
            0.35417893528938293,
            0.38256946206092834,
            -0.8533450961112976,
            -2.503166675567627
        ],
        [
            -0.9351776242256165,
            0.1448901742696762,
            -0.32318657636642456,
            -0.9480218887329102
        ],
        [
            7.450580596923828e-09,
            0.9124950766563416,
            0.40908750891685486,
            1.100000023841858
        ],
        [
            0.0,
            0.0,
            0.0,
            1.0
        ]
    ],
    "0065": [
        [
            0.43178412318229675,
            0.3690569996833801,
            -0.823018491268158,
            -2.413753032684326
        ],
        [
            -0.9019769430160522,
            0.17667075991630554,
            -0.3939860463142395,
            -1.1554844379425049
        ],
        [
            -1.4901160305669237e-08,
            0.9124606251716614,
            0.40916457772254944,
            1.100000023841858
        ],
        [
            0.0,
            0.0,
            0.0,
            1.0
        ]
    ],
    "0066": [
        [
            0.5044971704483032,
            0.35273435711860657,
            -0.7880741953849792,
            -2.314831495285034
        ],
        [
            -0.8634132146835327,
            0.20610465109348297,
            -0.4604761600494385,
            -1.3525689840316772
        ],
        [
            0.0,
            0.9127427935600281,
            0.4085347354412079,
            1.100000023841858
        ],
        [
            0.0,
            0.0,
            0.0,
            1.0
        ]
    ],
    "0067": [
        [
            0.571906328201294,
            0.33569055795669556,
            -0.7484883666038513,
            -2.194875478744507
        ],
        [
            -0.820318877696991,
            0.23403529822826385,
            -0.5218278765678406,
            -1.5302138328552246
        ],
        [
            1.4901161193847656e-08,
            0.9124358892440796,
            0.4092195928096771,
            1.100000023841858
        ],
        [
            0.0,
            0.0,
            0.0,
            1.0
        ]
    ],
    "0068": [
        [
            0.6337444186210632,
            0.316432386636734,
            -0.7058601379394531,
            -2.0706329345703125
        ],
        [
            -0.7735424637794495,
            0.2592453062534332,
            -0.5782939791679382,
            -1.6964190006256104
        ],
        [
            -1.4901160305669237e-08,
            0.9125033617019653,
            0.4090692102909088,
            1.100000023841858
        ],
        [
            0.0,
            0.0,
            0.0,
            1.0
        ]
    ],
    "0069": [
        [
            0.6900448799133301,
            0.296030193567276,
            -0.6604575514793396,
            -1.9377093315124512
        ],
        [
            -0.723766565322876,
            0.28223758935928345,
            -0.6296855807304382,
            -1.8474278450012207
        ],
        [
            0.0,
            0.9125284552574158,
            0.40901339054107666,
            1.100000023841858
        ],
        [
            0.0,
            0.0,
            0.0,
            1.0
        ]
    ],
    "0070": [
        [
            0.7406107187271118,
            0.27498528361320496,
            -0.6130895614624023,
            -1.7977222204208374
        ],
        [
            -0.6719342470169067,
            0.3030907213687897,
            -0.6757516264915466,
            -1.981462001800537
        ],
        [
            0.0,
            0.9124249219894409,
            0.40924426913261414,
            1.100000023841858
        ],
        [
            0.0,
            0.0,
            0.0,
            1.0
        ]
    ],
    "0071": [
        [
            0.7856642603874207,
            0.2528879642486572,
            -0.5646054744720459,
            -1.6574690341949463
        ],
        [
            -0.6186531186103821,
            0.32115739583969116,
            -0.7170259356498718,
            -2.1049180030822754
        ],
        [
            0.0,
            0.9126366376876831,
            0.408771812915802,
            1.100000023841858
        ],
        [
            0.0,
            0.0,
            0.0,
            1.0
        ]
    ],
    "0072": [
