{
    "K": [
        [
            1111.111111111111,
            0,
            400.0
        ],
        [
            0.0,
            1111.111111111111,
            400.0
        ],
        [
            0.0,
            0.0,
            1.0
        ]
    ],
    "0000": [
        [
            1.0,
            0.0,
            0.0,
            0.0
        ],
        [
            0.0,
            0.34377869963645935,
            -0.9390506744384766,
            -3.277867317199707
        ],
        [
            0.0,
            0.9390507340431213,
            0.34377866983413696,
            1.2000000476837158
        ],
        [
            0.0,
            0.0,
            0.0,
            1.0
        ]
    ],
    "0001": [
        [
            0.9999973177909851,
            -0.0008098413236439228,
            0.002211782382801175,
            0.007719426415860653
        ],
        [
            0.002355382312089205,
            0.34382495284080505,
            -0.9390308260917664,
            -3.2773475646972656
        ],
        [
            0.0,
            0.9390333890914917,
            0.34382590651512146,
            1.2000000476837158
        ],
        [
            0.0,
            0.0,
            0.0,
            1.0
        ]
    ],
    "0002": [
        [
            0.9999563097953796,
            -0.0032175870146602392,
            0.008783872239291668,
            0.030645310878753662
        ],
        [
            0.009354639798402786,
            0.34394121170043945,
            -0.9389445185661316,
            -3.2758045196533203
        ],
        [
            0.0,
            0.9389856457710266,
            0.34395626187324524,
            1.2000000476837158
        ],
        [
            0.0,
            0.0,
            0.0,
            1.0
        ]
    ],
    "0003": [
        [
            0.999781608581543,
            -0.007192736491560936,
            0.01962403953075409,
            0.06842832267284393
        ],
        [
            0.020900677889585495,
            0.34406375885009766,
            -0.9387137293815613,
            -3.273261070251465
        ],
        [
            -4.6566123179658803e-10,
            0.9389187693595886,
            0.3441389203071594,
            1.2000000476837158
        ],
        [
            0.0,
            0.0,
            0.0,
            1.0
        ]
    ],
    "0004": [
        [
            0.9993191957473755,
            -0.01270369440317154,
            0.034638408571481705,
            0.1207176148891449
        ],
        [
            0.03689448907971382,
            0.3440905809402466,
            -0.9382113218307495,
            -3.2697412967681885
        ],
        [
            -9.313225746154785e-10,
            0.9388505816459656,
            0.3443249762058258,
            1.2000000476837158
        ],
        [
            0.0,
            0.0,
            0.0,
            1.0
        ]
    ],
    "0005": [
        [
            0.998361349105835,
            -0.019711347296833992,
            0.05372373387217522,
            0.187163844704628
        ],
        [
            0.05722566321492195,
            0.34388497471809387,
            -0.93726646900177,
            -3.265268325805664
        ],
        [
            0.0,
            0.9388048648834229,
            0.3444494307041168,
            1.2000000476837158
        ],
        [
            0.0,
            0.0,
            0.0,
            1.0
        ]
    ],
    "0006": [
        [
            0.9966521263122559,
            -0.028160471469163895,
            0.07675644010305405,
            0.2674192488193512
        ],
        [
            0.08175917714834213,
            0.34327879548072815,
            -0.9356682300567627,
            -3.2598657608032227
        ],
        [
            0.0,
            0.938811182975769,
            0.34443193674087524,
            1.2000000476837158
        ],
        [
            0.0,
            0.0,
            0.0,
            1.0
        ]
    ],
    "0007": [
        [
            0.9938962459564209,
            -0.037969477474689484,
            0.10357879102230072,
            0.36113297939300537
        ],
        [
            0.11031883955001831,
            0.34207865595817566,
            -0.9331730604171753,
            -3.2535576820373535
        ],
        [
            0.0,
            0.9389038681983948,
            0.3441794514656067,
            1.2000000476837158
        ],
        [
            0.0,
            0.0,
            0.0,
            1.0
        ]
    ],
    "0008": [
        [
            0.9897688627243042,
            -0.049064818769693375,
            0.13397912681102753,
            0.46753406524658203
        ],
        [
            0.14268065989017487,
            0.3403603136539459,
            -0.9294068217277527,
            -3.2432615756988525
        ],
        [
            0.0,
            0.9390141367912292,
            0.3438785970211029,
            1.2000000476837158
        ],
        [
            0.0,
            0.0,
            0.0,
            1.0
        ]
    ],
    "0009": [
        [
            0.9838894009590149,
            -0.061557937413454056,
            0.1678464561700821,
            0.5849586129188538
        ],
        [
            0.17877867817878723,
            0.3387775123119354,
            -0.9237250089645386,
            -3.219257116317749
        ],
        [
            3.725290742551124e-09,
            0.9388505816459656,
            0.3443247973918915,
            1.2000000476837158
        ],
        [
            0.0,
            0.0,
            0.0,
            1.0
        ]
    ],
    "0010": [
        [
            0.9758582711219788,
            -0.07520679384469986,
            0.2050480842590332,
            0.7145664095878601
        ],
        [
            0.218405082821846,
            0.33603236079216003,
            -0.9161776900291443,
            -3.1927623748779297
        ],
        [
            -7.450580596923828e-09,
            0.9388430714607239,
            0.34434548020362854,
            1.2000000476837158
        ],
        [
            0.0,
            0.0,
            0.0,
            1.0
        ]
    ],
    "0011": [
        [
            0.9652922749519348,
            -0.08979175984859467,
            0.2452515810728073,
            0.856019139289856
        ],
        [
            0.2611721456050873,
            0.33187031745910645,
            -0.9064497947692871,
            -3.163846492767334
        ],
        [
            0.0,
            0.939041793346405,
            0.34380295872688293,
            1.2000000476837158
        ],
        [
            0.0,
            0.0,
            0.0,
            1.0
        ]
    ],
    "0012": [
        [
            0.9517689943313599,
            -0.10563138127326965,
            0.28805869817733765,
            1.0040301084518433
        ],
        [
            0.30681559443473816,
            0.32767781615257263,
            -0.8935834169387817,
            -3.1145896911621094
        ],
        [
            7.450581485102248e-09,
            0.9388659000396729,
            0.34428295493125916,
            1.2000000476837158
        ],
        [
            0.0,
            0.0,
            0.0,
            1.0
        ]
    ],
    "0013": [
        [
            0.9348242282867432,
            -0.12224191427230835,
            0.333407461643219,
            1.1622519493103027
        ],
        [
            0.3551107347011566,
            0.321800172328949,
            -0.8776906728744507,
            -3.05961275100708
        ],
        [
            7.450580596923828e-09,
            0.9388831853866577,
            0.34423601627349854,
            1.2000000476837158
        ],
        [
            0.0,
            0.0,
            0.0,
            1.0
        ]
    ],
    "0014": [
        [
            0.9141209721565247,
            -0.13948029279708862,
            0.38069432973861694,
            1.3279236555099487
        ],
        [
            0.40544161200523376,
            0.31447646021842957,
            -0.8583249449729919,
            -2.9939768314361572
        ],
        [
            7.450580596923828e-09,
            0.9389620423316956,
            0.34402066469192505,
            1.2000000476837158
        ],
        [
            0.0,
            0.0,
            0.0,
            1.0
        ]
    ],
    "0015": [
        [
            0.8891716003417969,
            -0.15756604075431824,
            0.42958933115005493,
            1.4970403909683228
        ],
        [
            0.45757418870925903,
            0.3061869740486145,
            -0.8347906470298767,
            -2.909092903137207
        ],
        [
            0.0,
            0.938840925693512,
            0.3443509042263031,
            1.2000000476837158
        ],
        [
            0.0,
            0.0,
            0.0,
            1.0
        ]
    ],
    "0016": [
        [
            0.8596813678741455,
            -0.17566701769828796,
            0.47967594861984253,
            1.6738475561141968
        ],
        [
            0.5108306407928467,
            0.2956315875053406,
            -0.8072509169578552,
            -2.8169329166412354
        ],
        [
            0.0,
            0.9390117526054382,
            0.34388506412506104,
            1.2000000476837158
        ],
        [
            0.0,
            0.0,
            0.0,
            1.0
        ]
    ],
    "0017": [
        [
            0.8252552151679993,
            -0.1944974660873413,
            0.5302119255065918,
            1.8474842309951782
        ],
        [
            0.5647600889205933,
            0.2842092514038086,
            -0.7747716903686523,
            -2.6996347904205322
        ],
        [
            0.0,
            0.9388267397880554,
            0.34438955783843994,
            1.2000000476837158
        ],
        [
            0.0,
            0.0,
            0.0,
            1.0
        ]
    ],
    "0018": [
        [
            0.7856644988059998,
            -0.21279390156269073,
            0.5809045433998108,
            2.0266273021698
        ],
        [
            0.618652880191803,
            0.27023977041244507,
            -0.7377256751060486,
            -2.5737361907958984
        ],
        [
            1.4901161193847656e-08,
            0.938983142375946,
            0.3439633250236511,
            1.2000000476837158
        ],
        [
            0.0,
            0.0,
            0.0,
            1.0
        ]
    ],
    "0019": [
        [
            0.74061119556427,
            -0.2314034104347229,
            0.6308308839797974,
            2.198117971420288
        ],
        [
            0.6719338893890381,
            0.255054771900177,
            -0.6953070759773254,
            -2.422783851623535
        ],
        [
            1.4901161193847656e-08,
            0.9388288259506226,
            0.34438419342041016,
            1.2000000476837158
        ],
        [
            0.0,
            0.0,
            0.0,
            1.0
        ]
    ],
    "0020": [
        [
            0.6900452971458435,
            -0.24910475313663483,
            0.6795470714569092,
            2.369283676147461
        ],
        [
            0.7237661480903625,
            0.23749877512454987,
            -0.6478864550590515,
            -2.258897066116333
        ],
        [
            0.0,
            0.9389042258262634,
            0.3441784977912903,
            1.2000000476837158
        ],
        [
            0.0,
            0.0,
            0.0,
            1.0
        ]
    ],
    "0021": [
        [
            0.6337459087371826,
            -0.2662747800350189,
            0.7262670993804932,
            2.5318100452423096
        ],
        [
            0.7735413312911987,
            0.2181532382965088,
            -0.5950151085853577,
            -2.0742578506469727
        ],
        [
            0.0,
            0.9388860464096069,
            0.34422823786735535,
            1.2000000476837158
        ],
        [
            0.0,
            0.0,
            0.0,
            1.0
        ]
    ],
    "0022": [
        [
            0.5719066858291626,
            -0.28248679637908936,
            0.7701454758644104,
            2.683727979660034
        ],
        [
            0.8203186988830566,
            0.19694305956363678,
            -0.5369271039962769,
            -1.8710312843322754
        ],
        [
            1.4901161193847656e-08,
            0.9388368129730225,
            0.3443622589111328,
            1.2000000476837158
        ],
        [
            0.0,
            0.0,
            0.0,
            1.0
        ]
    ],
    "0023": [
        [
            0.5044975280761719,
            -0.2968001365661621,
            0.8107970952987671,
            2.8304014205932617
        ],
        [
            0.8634132146835327,
            0.17342211306095123,
            -0.47375360131263733,
            -1.653820514678955
        ],
        [
            -1.4901162970204496e-08,
            0.939060389995575,
            0.3437521457672119,
            1.2000000476837158
        ],
        [
            0.0,
            0.0,
            0.0,
            1.0
        ]
    ],
    "0024": [
        [
            0.43178504705429077,
            -0.310562402009964,
            0.8468250036239624,
            2.9513542652130127
        ],
        [
            0.9019765257835388,
            0.1486692726612091,
            -0.40538346767425537,
            -1.4128422737121582
        ],
        [
            0.0,
            0.9388548731803894,
            0.3443131446838379,
            1.2000000476837158
        ],
        [
            0.0,
            0.0,
            0.0,
            1.0
        ]
    ],
    "0025": [
        [
            0.35417911410331726,
            -0.3219297528266907,
            0.8780196309089661,
            3.0606837272644043
        ],
        [
            0.9351776242256165,
            0.12192420661449432,
            -0.33253172039985657,
            -1.1591705083847046
        ],
        [
            7.450580596923828e-09,
            0.9388799667358398,
            0.34424450993537903,
            1.2000000476837158
        ],
        [
            0.0,
            0.0,
            0.0,
            1.0
        ]
    ],
    "0026": [
        [
            0.27194416522979736,
            -0.33087393641471863,
            0.9036419987678528,
            3.153780937194824
        ],
        [
            0.9623130559921265,
            0.09350307285785675,
            -0.2553640604019165,
            -0.8912404179573059
        ],
        [
            7.450580596923828e-09,
            0.9390312433242798,
            0.3438318967819214,
            1.2000000476837158
        ],
        [
            0.0,
            0.0,
            0.0,
            1.0
        ]
    ],
    "0027": [
        [
            0.1857645958662033,
            -0.3383704125881195,
            0.9224948883056641,
            3.2146010398864746
        ],
        [
            0.98259437084198,
            0.06397069245576859,
            -0.17440247535705566,
            -0.607737123966217
        ],
        [
            0.0,
            0.9388360381126404,
            0.34436431527137756,
            1.2000000476837158
        ],
        [
            0.0,
            0.0,
            0.0,
            1.0
        ]
    ],
    "0028": [
        [
            0.09631931781768799,
            -0.34273356199264526,
            0.9344818592071533,
            3.2566537857055664
        ],
        [
            0.9953505396842957,
            0.0331660658121109,
            -0.09042910486459732,
            -0.3151439428329468
        ],
        [
            1.862645149230957e-09,
            0.9388470649719238,
            0.3443344831466675,
            1.2000000476837158
        ],
        [
            0.0,
            0.0,
            0.0,
            1.0
        ]
    ],
    "0029": [
        [
            0.004207823425531387,
            -0.3438587784767151,
            0.9390119314193726,
            3.2769391536712646
        ],
        [
            0.9999911785125732,
            0.0014469099696725607,
            -0.003951231483370066,
            -0.013788903132081032
        ],
        [
            -1.1641532182693481e-10,
            0.9390202760696411,
            0.343861848115921,
            1.2000000476837158
        ],
        [
            0.0,
            0.0,
            0.0,
            1.0
        ]
    ],
    "0030": [
        [
            -0.08956307917833328,
            -0.3430038094520569,
            0.9350544810295105,
            3.2581448554992676
        ],
        [
            0.9959812164306641,
            -0.0308444332331419,
            0.08408427238464355,
            0.2929869294166565
        ],
        [
            0.0,
            0.9388275146484375,
            0.34438782930374146,
            1.2000000476837158
        ],
        [
            0.0,
            0.0,
            0.0,
            1.0
        ]
    ],
    "0031": [
        [
            -0.18398727476596832,
            -0.33847710490226746,
            0.9228119850158691,
            3.2157862186431885
        ],
        [
            0.9829286932945251,
            -0.06335707008838654,
            0.17273446917533875,
            0.6019396185874939
        ],
        [
            3.725290742551124e-09,
            0.9388391971588135,
            0.3443557322025299,
            1.2000000476837158
        ],
        [
            0.0,
            0.0,
            0.0,
            1.0
        ]
    ],
    "0032": [
        [
            -0.27816513180732727,
            -0.3303672671318054,
            0.9019322395324707,
            3.14681077003479
        ],
        [
            0.9605332612991333,
            -0.09567252546548843,
            0.2611945867538452,
            0.9112990498542786
        ],
        [
            -7.4505797087454084e-09,
            0.938991129398346,
            0.34394145011901855,
            1.2000000476837158
        ],
        [
            0.0,
            0.0,
            0.0,
            1.0
        ]
    ],
    "0033": [
        [
            -0.3710342347621918,
            -0.3194851875305176,
            0.8719305396080017,
            3.0412356853485107
        ],
        [
            0.9286192059516907,
            -0.12765182554721832,
            0.3483840227127075,
            1.2151402235031128
        ],
        [
            -1.4901161193847656e-08,
            0.9389537572860718,
            0.3440432846546173,
            1.2000000476837158
        ],
        [
            0.0,
            0.0,
            0.0,
            1.0
        ]
    ],
    "0034": [
        [
            -0.4613519608974457,
            -0.3055000305175781,
            0.8329610824584961,
            2.9028499126434326
        ],
        [
            0.8872172832489014,
            -0.15885967016220093,
            0.43313878774642944,
            1.5094785690307617
        ],
        [
            1.4901162970204496e-08,
            0.9388467073440552,
            0.3443351686000824,
            1.2000000476837158
        ],
        [
            0.0,
            0.0,
            0.0,
            1.0
        ]
    ],
    "0035": [
        [
            -0.5480431914329529,
            -0.2880440354347229,
            0.7852892875671387,
            2.736478567123413
        ],
        [
            0.8364501595497131,
            -0.18872682750225067,
            0.5145225524902344,
            1.792944312095642
        ],
        [
            1.4901162970204496e-08,
            0.9388359189033508,
            0.34436488151550293,
            1.2000000476837158
        ],
        [
            0.0,
            0.0,
            0.0,
            1.0
        ]
    ],
    "0036": [
        [
            -0.6300173997879028,
            -0.2672782838344574,
            0.7291368246078491,
            2.542221784591675
        ],
        [
            0.7765810489654541,
            -0.21683500707149506,
            0.5915272831916809,
            2.062429666519165
        ],
        [
            0.0,
            0.938906192779541,
            0.3441730737686157,
            1.2000000476837158
        ],
        [
            0.0,
            0.0,
            0.0,
            1.0
        ]
    ],
    "0037": [
        [
            -0.7061851024627686,
            -0.24344050884246826,
            0.6648604273796082,
            2.320432424545288
        ],
        [
            0.7080273628234863,
            -0.24280709028244019,
            0.663130521774292,
            2.314394950866699
        ],
        [
            0.0,
            0.939032256603241,
            0.3438292443752289,
            1.2000000476837158
        ],
        [
            0.0,
            0.0,
            0.0,
            1.0
        ]
    ],
    "0038": [
        [
            -0.7754397988319397,
            -0.2173319160938263,
            0.5928405523300171,
            2.0668792724609375
        ],
        [
            0.6314215064048767,
            -0.26690220832824707,
            0.7280590534210205,
            2.5383050441741943
        ],
        [
            -1.4901161193847656e-08,
            0.9388983845710754,
            0.34419459104537964,
            1.2000000476837158
        ],
        [
            0.0,
            0.0,
            0.0,
            1.0
        ]
    ],
    "0039": [
        [
            -0.8367775678634644,
            -0.18855319917201996,
            0.5140536427497864,
            1.7913236618041992
        ],
        [
            0.5475431084632874,
            -0.28815463185310364,
            0.785597562789917,
            2.7375733852386475
        ],
        [
            1.4901162970204496e-08,
            0.9388367533683777,
            0.3443623185157776,
            1.2000000476837158
        ],
        [
            0.0,
            0.0,
            0.0,
            1.0
        ]
    ],
    "0040": [
        [
            -0.8893362283706665,
            -0.15745624899864197,
            0.42928847670555115,
            1.4959872961044312
        ],
        [
            0.4572538435459137,
            -0.3062446713447571,
            0.834945023059845,
            2.9096219539642334
        ],
        [
            0.0,
            0.9388406276702881,
            0.34435197710990906,
            1.2000000476837158
        ],
        [
            0.0,
            0.0,
            0.0,
            1.0
        ]
    ],
    "0041": [
        [
            -0.9323623180389404,
            -0.12442582845687866,
            0.339438796043396,
            1.1835068464279175
        ],
        [
            0.36152517795562744,
            -0.3208903968334198,
            0.8754022121429443,
            3.052227735519409
        ],
        [
            7.4505797087454084e-09,
            0.9389076828956604,
            0.34416916966438293,
            1.2000000476837158
        ],
        [
            0.0,
            0.0,
            0.0,
            1.0
        ]
    ],
    "0042": [
        [
            -0.9652280211448669,
            -0.0898720771074295,
            0.24547478556632996,
            0.8568099737167358
        ],
        [
            0.26140937209129333,
            -0.33184367418289185,
            0.9063911437988281,
            3.1636853218078613
        ],
        [
            0.0,
            0.9390435218811035,
            0.3437982201576233,
            1.2000000476837158
        ],
        [
            0.0,
            0.0,
            0.0,
            1.0
        ]
    ],
    "0043": [
        [
            -0.9874235987663269,
            -0.05440422520041466,
            0.14844176173210144,
            0.5176418423652649
        ],
        [
            0.15809735655784607,
            -0.3397907018661499,
            0.9271178841590881,
            3.233018636703491
        ],
        [
            0.0,
            0.9389262795448303,
            0.34411847591400146,
            1.2000000476837158
        ],
        [
            0.0,
            0.0,
            0.0,
            1.0
        ]
    ],
    "0044": [
        [
            -0.9985994100570679,
            -0.018223633989691734,
            0.04967154935002327,
            0.1730547845363617
        ],
        [
            0.052909016609191895,
            -0.343951016664505,
            0.9374958276748657,
            3.266218423843384
        ],
        [
            0.0,
            0.9388107657432556,
            0.3444334864616394,
            1.2000000476837158
        ],
        [
            0.0,
            0.0,
            0.0,
            1.0
        ]
    ],
    "0045": [
        [
            -0.9985994100570679,
            0.018222976475954056,
            -0.04966975748538971,
            -0.17304854094982147
        ],
        [
            -0.05290709808468819,
            -0.3439510762691498,
            0.9374958872795105,
            3.266218662261963
        ],
        [
            -1.8626449271863521e-09,
            0.9388107657432556,
            0.3444334864616394,
            1.2000000476837158
        ],
        [
            0.0,
            0.0,
            0.0,
            1.0
        ]
    ],
    "0046": [
        [
            -0.9874239563941956,
            0.05440342798829079,
            -0.14843958616256714,
            -0.5176342129707336
        ],
        [
            -0.15809504687786102,
            -0.33979082107543945,
            0.9271182417869568,
            3.2330198287963867
        ],
        [
            3.725290298461914e-09,
            0.9389262795448303,
            0.34411847591400146,
            1.2000000476837158
        ],
        [
            0.0,
            0.0,
            0.0,
            1.0
        ]
    ],
    "0047": [
        [
            -0.9652284383773804,
            0.08987165987491608,
            -0.24547357857227325,
            -0.8568055629730225
        ],
        [
            -0.26140809059143066,
            -0.33184385299682617,
            0.9063915014266968,
            3.1636857986450195
        ],
        [
            1.4901161193847656e-08,
            0.9390435218811035,
            0.34379830956459045,
            1.2000000476837158
        ],
        [
            0.0,
            0.0,
            0.0,
            1.0
        ]
    ],
    "0048": [
        [
            -0.932362973690033,
            0.12442527711391449,
            -0.33943718671798706,
            -1.183501124382019
        ],
        [
            -0.3615235388278961,
            -0.3208906352519989,
            0.8754026889801025,
            3.052229166030884
        ],
        [
            7.450580596923828e-09,
            0.9389076828956604,
            0.3441691994667053,
            1.2000000476837158
        ],
        [
            0.0,
            0.0,
            0.0,
            1.0
        ]
    ],
    "0049": [
        [
            -0.8893369436264038,
            0.15745587646961212,
            -0.4292873442173004,
            -1.495983362197876
        ],
        [
            -0.4572526812553406,
            -0.30624493956565857,
            0.8349454998970032,
            2.909623622894287
        ],
        [
            0.0,
            0.9388406276702881,
            0.34435197710990906,
            1.2000000476837158
        ],
        [
            0.0,
            0.0,
            0.0,
            1.0
        ]
    ],
    "0050": [
        [
            -0.8367783427238464,
            0.18855275213718414,
            -0.5140523910522461,
            -1.7913193702697754
        ],
        [
            -0.5475417375564575,
            -0.2881549596786499,
            0.7855983972549438,
            2.7375762462615967
        ],
        [
            -1.4901159417490817e-08,
            0.9388368725776672,
            0.3443623185157776,
            1.2000000476837158
        ],
        [
            0.0,
            0.0,
            0.0,
            1.0
        ]
    ],
    "0051": [
        [
            -0.7754406332969666,
            0.21733157336711884,
            -0.5928396582603455,
            -2.066876173019409
        ],
        [
            -0.6314206719398499,
            -0.26690247654914856,
            0.7280597686767578,
            2.5383076667785645
        ],
        [
            0.0,
            0.9388982653617859,
            0.34419459104537964,
            1.2000000476837158
        ],
        [
            0.0,
            0.0,
            0.0,
            1.0
        ]
    ],
    "0052": [
        [
            -0.7061859965324402,
            0.2434401512145996,
            -0.6648595929145813,
            -2.320429801940918
        ],
        [
            -0.7080264091491699,
            -0.24280737340450287,
            0.6631314158439636,
            2.3143982887268066
        ],
        [
            0.0,
            0.939032256603241,
            0.3438292145729065,
            1.2000000476837158
        ],
        [
            0.0,
            0.0,
            0.0,
            1.0
        ]
    ],
    "0053": [
        [
            -0.6300188899040222,
            0.26727786660194397,
            -0.7291356921195984,
            -2.54221773147583
        ],
        [
            -0.7765798568725586,
            -0.21683551371097565,
            0.5915286540985107,
            2.062434434890747
        ],
        [
            0.0,
            0.938906192779541,
            0.3441730737686157,
            1.2000000476837158
        ],
        [
            0.0,
            0.0,
            0.0,
            1.0
        ]
    ],
    "0054": [
        [
            -0.5480446219444275,
            0.28804370760917664,
            -0.785288393497467,
            -2.7364754676818848
        ],
        [
            -0.8364490866661072,
            -0.18872733414173126,
            0.5145239233970642,
            1.7929491996765137
        ],
        [
            0.0,
            0.9388359189033508,
            0.34436488151550293,
            1.2000000476837158
        ],
        [
            0.0,
            0.0,
            0.0,
            1.0
        ]
    ],
    "0055": [
        [
            -0.461353063583374,
            0.3054998517036438,
            -0.8329604864120483,
            -2.902848243713379
        ],
        [
            -0.8872166872024536,
            -0.15886007249355316,
            0.433139830827713,
            1.5094823837280273
        ],
        [
            0.0,
            0.9388467073440552,
            0.34433513879776,
            1.2000000476837158
        ],
        [
            0.0,
            0.0,
            0.0,
            1.0
        ]
    ],
    "0056": [
        [
            -0.3710351586341858,
            0.31948497891426086,
            -0.8719301819801331,
            -3.0412349700927734
        ],
        [
            -0.9286187887191772,
            -0.1276521235704422,
            0.34838488698005676,
            1.2151435613632202
        ],
        [
            0.0,
            0.9389538168907166,
            0.34404319524765015,
            1.2000000476837158
        ],
        [
            0.0,
            0.0,
            0.0,
            1.0
        ]
    ],
    "0057": [
        [
            -0.2781667113304138,
            0.3303670585155487,
            -0.9019318222999573,
            -3.1468093395233154
        ],
        [
            -0.9605327844619751,
            -0.09567306190729141,
            0.2611960768699646,
            0.911304235458374
        ],
        [
            7.4505797087454084e-09,
            0.938991129398346,
            0.34394145011901855,
            1.2000000476837158
        ],
        [
            0.0,
            0.0,
            0.0,
            1.0
        ]
    ],
    "0058": [
        [
            -0.18398895859718323,
            0.3384769856929779,
            -0.9228116273880005,
            -3.215785264968872
        ],
        [
            -0.9829283356666565,
            -0.0633576437830925,
            0.1727360486984253,
            0.6019452214241028
        ],
        [
            3.725290742551124e-09,
            0.9388391971588135,
            0.3443557024002075,
            1.2000000476837158
        ],
        [
            0.0,
            0.0,
            0.0,
            1.0
        ]
    ],
    "0059": [
        [
            -0.08956395834684372,
            0.34300369024276733,
            -0.9350544214248657,
            -3.2581450939178467
        ],
        [
            -0.9959811568260193,
            -0.030844731256365776,
            0.08408510684967041,
            0.2929898798465729
        ],
        [
            -1.862645371275562e-09,
            0.9388274550437927,
            0.3443877696990967,
            1.2000000476837158
        ],
        [
            0.0,
            0.0,
            0.0,
            1.0
        ]
    ],
    "0060": [
        [
            0.004206277895718813,
            0.3438587486743927,
            -0.9390119314193726,
            -3.2769393920898438
        ],
        [
            -0.999991238117218,
            0.0014463780680671334,
            -0.00394977955147624,
            -0.013783838599920273
        ],
        [
            0.0,
            0.9390202760696411,
            0.34386181831359863,
            1.2000000476837158
        ],
        [
            0.0,
            0.0,
            0.0,
            1.0
        ]
    ],
    "0061": [
        [
            0.09631846845149994,
            0.34273362159729004,
            -0.9344819784164429,
            -3.2566535472869873
        ],
        [
            -0.9953505992889404,
            0.03316578269004822,
            -0.09042831510305405,
            -0.31514111161231995
        ],
        [
            1.8626449271863521e-09,
            0.9388470649719238,
            0.34433457255363464,
            1.2000000476837158
        ],
        [
            0.0,
            0.0,
            0.0,
            1.0
        ]
    ],
    "0062": [
        [
            0.18576377630233765,
            0.3383704721927643,
            -0.9224951267242432,
            -3.214601516723633
        ],
        [
            -0.9825944900512695,
            0.0639704167842865,
            -0.17440173029899597,
            -0.6077344417572021
        ],
        [
            3.725290742551124e-09,
            0.9388360381126404,
            0.34436434507369995,
            1.2000000476837158
        ],
        [
            0.0,
            0.0,
            0.0,
            1.0
        ]
    ],
    "0063": [
        [
            0.2719426155090332,
            0.3308740556240082,
            -0.9036424160003662,
            -3.1537821292877197
        ],
        [
            -0.9623135328292847,
            0.09350254386663437,
            -0.2553626000881195,
            -0.8912352919578552
        ],
        [
            0.0,
            0.9390312433242798,
            0.3438319265842438,
            1.2000000476837158
        ],
        [
            0.0,
            0.0,
            0.0,
            1.0
        ]
    ],
    "0064": [
        [
            0.3541789650917053,
            0.32192978262901306,
            -0.8780196905136108,
            -3.0606837272644043
        ],
        [
            -0.9351776838302612,
            0.12192416191101074,
            -0.33253157138824463,
            -1.1591697931289673
        ],
        [
            -7.450580596923828e-09,
            0.9388799667358398,
            0.3442445397377014,
            1.2000000476837158
        ],
        [
            0.0,
            0.0,
            0.0,
            1.0
        ]
    ],
    "0065": [
        [
            0.4317842125892639,
            0.31056252121925354,
            -0.8468254804611206,
            -2.951355457305908
        ],
        [
            -0.901977002620697,
            0.14866898953914642,
            -0.4053826928138733,
            -1.412839412689209
        ],
        [
            1.4901161193847656e-08,
            0.9388548731803894,
            0.3443131744861603,
            1.2000000476837158
        ],
        [
            0.0,
            0.0,
            0.0,
            1.0
        ]
    ],
    "0066": [
        [
            0.5044972896575928,
            0.2968001961708069,
            -0.8107972145080566,
            -2.830401659011841
        ],
        [
            -0.8634133338928223,
            0.17342202365398407,
            -0.4737533628940582,
            -1.6538195610046387
        ],
        [
            1.4901162970204496e-08,
            0.939060389995575,
            0.3437521755695343,
            1.2000000476837158
        ],
        [
            0.0,
            0.0,
            0.0,
            1.0
        ]
    ],
    "0067": [
        [
            0.5719063878059387,
            0.2824868857860565,
            -0.7701455950737,
            -2.6837284564971924
        ],
        [
            -0.820318877696991,
            0.196942999958992,
            -0.536926805973053,
            -1.871030330657959
        ],
        [
            0.0,
            0.9388368129730225,
            0.3443622589111328,
            1.2000000476837158
        ],
        [
            0.0,
            0.0,
            0.0,
            1.0
        ]
    ],
    "0068": [
        [
            0.633744478225708,
            0.2662751376628876,
            -0.7262681722640991,
            -2.5318140983581543
        ],
        [
            -0.7735424637794495,
            0.2181527316570282,
            -0.5950137972831726,
            -2.074253559112549
        ],
        [
            0.0,
            0.9388860464096069,
            0.34422820806503296,
            1.2000000476837158
        ],
        [
            0.0,
            0.0,
            0.0,
            1.0
        ]
    ],
    "0069": [
        [
            0.6900448799133301,
            0.24910491704940796,
            -0.6795474886894226,
            -2.3692851066589355
        ],
        [
            -0.7237666249275208,
            0.23749862611293793,
            -0.6478860378265381,
            -2.2588956356048584
        ],
        [
            0.0,
            0.9389042854309082,
            0.3441784977912903,
            1.2000000476837158
        ],
        [
            0.0,
            0.0,
            0.0,
            1.0
        ]
    ],
    "0070": [
        [
            0.7406107783317566,
            0.23140357434749603,
            -0.6308313012123108,
            -2.1981194019317627
        ],
        [
            -0.6719343066215515,
            0.25505465269088745,
            -0.6953067183494568,
            -2.4227826595306396
        ],
        [
            0.0,
            0.9388288259506226,
            0.34438419342041016,
            1.2000000476837158
        ],
        [
            0.0,
            0.0,
            0.0,
            1.0
        ]
    ],
    "0071": [
        [
            0.7856642007827759,
            0.21279402077198029,
            -0.5809048414230347,
            -2.0266284942626953
        ],
        [
            -0.6186531782150269,
            0.2702397108078003,
            -0.7377253770828247,
            -2.573735237121582
        ],
        [
            0.0,
            0.9389830827713013,
            0.3439633250236511,
            1.2000000476837158
        ],
        [
            0.0,
            0.0,
            0.0,
            1.0
        ]
    ],
    "0072": [
        [
            0.8252545595169067,
