{
    "K": [
        [
            1111.111111111111,
            0,
            400.0
        ],
        [
            0.0,
            1111.111111111111,
            400.0
        ],
        [
            0.0,
            0.0,
            1.0
        ]
    ],
    "0000": [
        [
            1.0,
            0.0,
            0.0,
            0.0
        ],
        [
            0.0,
            0.47080621123313904,
            -0.882236659526825,
            -2.8108270168304443
        ],
        [
            0.0,
            0.8822365999221802,
            0.4708062708377838,
            1.5
        ],
        [
            0.0,
            0.0,
            0.0,
            1.0
        ]
    ],
    "0001": [
        [
            0.9999972581863403,
            -0.0011090629268437624,
            0.002077932469546795,
            0.006619539577513933
        ],
        [
            0.002355382079258561,
            0.4708620011806488,
            -0.8822037577629089,
            -2.8103814125061035
        ],
        [
            0.0,
            0.8822060823440552,
            0.47086334228515625,
            1.5
        ],
        [
            0.0,
            0.0,
            0.0,
            1.0
        ]
    ],
    "0002": [
        [
            0.9999562501907349,
            -0.004406230989843607,
            0.008251933380961418,
            0.026278875768184662
        ],
        [
            0.009354639798402786,
            0.4710003137588501,
            -0.8820834159851074,
            -2.80905818939209
        ],
        [
            2.3283064365386963e-10,
            0.8821220993995667,
            0.4710208773612976,
            1.5
        ],
        [
            0.0,
            0.0,
            0.0,
            1.0
        ]
    ],
    "0003": [
        [
            0.999781608581543,
            -0.00984926987439394,
            0.01843448542058468,
            0.05867845192551613
        ],
        [
            0.020900679752230644,
            0.47113868594169617,
            -0.8818114995956421,
            -2.8068771362304688
        ],
        [
            0.0,
            0.8820042014122009,
            0.4712415933609009,
            1.5
        ],
        [
            0.0,
            0.0,
            0.0,
            1.0
        ]
    ],
    "0004": [
        [
            0.9993191957473755,
            -0.01739451475441456,
            0.03253665938973427,
            0.10351741313934326
        ],
        [
            0.03689449280500412,
            0.47114548087120056,
            -0.8812835812568665,
            -2.803858757019043
        ],
        [
            9.313225746154785e-10,
            0.8818840384483337,
            0.47146645188331604,
            1.5
        ],
        [
            0.0,
            0.0,
            0.0,
            1.0
        ]
    ],
    "0005": [
        [
            0.998361349105835,
            -0.02698858641088009,
            0.050461798906326294,
            0.16049619019031525
        ],
        [
            0.05722566694021225,
            0.47084397077560425,
            -0.8803585767745972,
            -2.800023078918457
        ],
        [
            0.0,
            0.8818036317825317,
            0.47161680459976196,
            1.5
        ],
        [
            0.0,
            0.0,
            0.0,
            1.0
        ]
    ],
    "0006": [
        [
            0.9966521263122559,
            -0.03855728358030319,
            0.07209646701812744,
            0.2293165624141693
        ],
        [
            0.08175918459892273,
            0.47001686692237854,
            -0.8788626790046692,
            -2.7953903675079346
        ],
        [
            3.725290298461914e-09,
            0.8818148970603943,
            0.4715957045555115,
            1.5
        ],
        [
            0.0,
            0.0,
            0.0,
            1.0
        ]
    ],
    "0007": [
        [
            0.9938962459564209,
            -0.051992230117321014,
            0.09729878604412079,
            0.3096776604652405
        ],
        [
            0.11031882464885712,
            0.46841397881507874,
            -0.8765946626663208,
            -2.7899811267852783
        ],
        [
            0.0,
            0.8819779753684998,
            0.471290647983551,
            1.5
        ],
        [
            0.0,
            0.0,
            0.0,
            1.0
        ]
    ],
    "0008": [
        [
            0.9897688627243042,
            -0.06719217449426651,
            0.12586888670921326,
            0.4009184241294861
        ],
        [
            0.14268064498901367,
            0.46610888838768005,
            -0.8731464743614197,
            -2.7811520099639893
        ],
        [
            3.725290742551124e-09,
            0.8821721076965332,
            0.47092705965042114,
            1.5
        ],
        [
            0.0,
            0.0,
            0.0,
            1.0
        ]
    ],
    "0009": [
        [
            0.9838893413543701,
            -0.0842881128191948,
            0.15766207873821259,
            0.5016120076179504
        ],
        [
            0.17877867817878723,
            0.4638705849647522,
            -0.8676763772964478,
            -2.7605679035186768
        ],
        [
            0.0,
            0.8818840980529785,
            0.4714662432670593,
            1.5
        ],
        [
            0.0,
            0.0,
            0.0,
            1.0
        ]
    ],
    "0010": [
        [
            0.975858211517334,
            -0.10297606885433197,
            0.19260506331920624,
            0.6127528548240662
        ],
        [
            0.2184050977230072,
            0.46010851860046387,
            -0.8605808615684509,
            -2.7378480434417725
        ],
        [
            0.0,
            0.8818707466125488,
            0.4714912176132202,
            1.5
        ],
        [
            0.0,
            0.0,
            0.0,
            1.0
        ]
    ],
    "0011": [
        [
            0.9652922749519348,
            -0.12296915799379349,
            0.230411559343338,
            0.734050989151001
        ],
        [
            0.26117217540740967,
            0.4544939696788788,
            -0.8516010046005249,
            -2.7130520343780518
        ],
        [
            -7.450581485102248e-09,
            0.8822209239006042,
            0.4708355963230133,
            1.5
        ],
        [
            0.0,
            0.0,
            0.0,
            1.0
        ]
    ],
    "0012": [
        [
            0.9517690539360046,
            -0.14463765919208527,
            0.2705840766429901,
            0.8609728813171387
        ],
        [
            0.30681559443473816,
            0.44867879152297974,
            -0.8393756747245789,
            -2.670813798904419
        ],
        [
            0.0,
            0.8819110989570618,
            0.4714156687259674,
            1.5
        ],
        [
            0.0,
            0.0,
            0.0,
            1.0
        ]
    ],
    "0013": [
        [
            0.9348242282867432,
            -0.16738463938236237,
            0.3131868839263916,
            0.9966508746147156
        ],
        [
            0.3551107347011566,
            0.4406377971172333,
            -0.8244602680206299,
            -2.6236698627471924
        ],
        [
            0.0,
            0.8819414377212524,
            0.471358984708786,
            1.5
        ],
        [
            0.0,
            0.0,
            0.0,
            1.0
        ]
    ],
    "0014": [
        [
            0.9141209721565247,
            -0.19100302457809448,
            0.3576321601867676,
            1.1387171745300293
        ],
        [
            0.40544161200523376,
            0.43064120411872864,
            -0.806328296661377,
            -2.5673861503601074
        ],
        [
            0.0,
            0.8820804357528687,
            0.47109878063201904,
            1.5
        ],
        [
            0.0,
            0.0,
            0.0,
            1.0
        ]
    ],
    "0015": [
        [
            0.8891715407371521,
            -0.21574516594409943,
            0.4035196602344513,
            1.2837376594543457
        ],
        [
            0.45757415890693665,
            0.41924232244491577,
            -0.7841312289237976,
            -2.4945967197418213
        ],
        [
            0.0,
            0.8818672895431519,
            0.4714977741241455,
            1.5
        ],
        [
            0.0,
            0.0,
            0.0,
            1.0
        ]
    ],
    "0016": [
        [
            0.8596814870834351,
            -0.24056792259216309,
            0.45063841342926025,
            1.4353528022766113
        ],
        [
            0.5108306407928467,
            0.404853880405426,
            -0.7583833932876587,
            -2.4155678749084473
        ],
        [
            1.4901162970204496e-08,
            0.8821679949760437,
            0.47093483805656433,
            1.5
        ],
        [
            0.0,
            0.0,
            0.0,
            1.0
        ]
    ],
    "0017": [
        [
            0.8252552151679993,
            -0.2663094401359558,
            0.49802926182746887,
            1.5842491388320923
        ],
        [
            0.5647600293159485,
            0.38914451003074646,
            -0.7277448773384094,
            -2.3149828910827637
        ],
        [
            -1.4901162970204496e-08,
            0.8818422555923462,
            0.47154444456100464,
            1.5
        ],
        [
            0.0,
            0.0,
            0.0,
            1.0
        ]
    ],
    "0018": [
        [
            0.7856644988059998,
            -0.2914036810398102,
            0.5457244515419006,
            1.7378673553466797
        ],
        [
            0.6186528205871582,
            0.370071142911911,
            -0.6930484175682068,
            -2.2070226669311523
        ],
        [
            -1.4901161193847656e-08,
            0.882117509841919,
            0.4710294306278229,
            1.5
        ],
        [
            0.0,
            0.0,
            0.0,
            1.0
        ]
    ],
    "0019": [
        [
            0.7406111359596252,
            -0.31684237718582153,
            0.5925419926643372,
            1.8849234580993652
        ],
        [
            0.6719338893890381,
            0.34922629594802856,
            -0.6531047224998474,
            -2.07757830619812
        ],
        [
            0.0,
            0.8818457126617432,
            0.4715379774570465,
            1.5
        ],
        [
            0.0,
            0.0,
            0.0,
            1.0
        ]
    ],
    "0020": [
        [
            0.6900453567504883,
            -0.34110337495803833,
            0.6383461952209473,
            2.03170108795166
        ],
        [
            0.7237661480903625,
            0.32521116733551025,
            -0.6086052060127258,
            -1.9370427131652832
        ],
        [
            -2.9802322387695312e-08,
            0.8819786310195923,
            0.4712894558906555,
            1.5
        ],
        [
            0.0,
            0.0,
            0.0,
            1.0
        ]
    ],
    "0021": [
        [
            0.6337459087371826,
            -0.36460837721824646,
            0.6822220683097839,
            2.1710703372955322
        ],
        [
            0.7735413908958435,
            0.29871582984924316,
            -0.5589299201965332,
            -1.7787114381790161
        ],
        [
            0.0,
            0.8819465041160583,
            0.4713495969772339,
            1.5
        ],
        [
            0.0,
            0.0,
            0.0,
            1.0
        ]
    ],
    "0022": [
        [
            0.5719066858291626,
            -0.3867896795272827,
            0.7234062552452087,
            2.301342487335205
        ],
        [
            0.8203187584877014,
            0.2696605324745178,
            -0.5043416023254395,
            -1.6044411659240723
        ],
        [
            1.4901161193847656e-08,
            0.8818598985671997,
            0.47151148319244385,
            1.5
        ],
        [
            0.0,
            0.0,
            0.0,
            1.0
        ]
    ],
    "0023": [
        [
            0.5044975280761719,
            -0.4064726233482361,
            0.7617494463920593,
            2.427117347717285
        ],
        [
            0.8634132146835327,
            0.23750439286231995,
            -0.4450947940349579,
            -1.4181792736053467
        ],
        [
            0.0,
            0.8822537660598755,
            0.47077417373657227,
            1.5
        ],
        [
            0.0,
            0.0,
            0.0,
            1.0
        ]
    ],
    "0024": [
        [
            0.43178504705429077,
            -0.4252387583255768,
            0.7954455614089966,
            2.530836582183838
        ],
        [
            0.9019766449928284,
            0.20356597006320953,
            -0.38078758120536804,
            -1.2115362882614136
        ],
        [
            0.0,
            0.8818916082382202,
            0.47145214676856995,
            1.5
        ],
        [
            0.0,
            0.0,
            0.0,
            1.0
        ]
    ],
    "0025": [
        [
            0.35417911410331726,
            -0.44081392884254456,
            0.8247667551040649,
            2.6245884895324707
        ],
        [
            0.9351776838302612,
            0.16694912314414978,
            -0.31236329674720764,
            -0.9940084218978882
        ],
        [
            0.0,
            0.8819359540939331,
            0.4713691771030426,
            1.5
        ],
        [
            0.0,
            0.0,
            0.0,
            1.0
        ]
    ],
    "0026": [
        [
            0.271944135427475,
            -0.45312488079071045,
            0.8489547371864319,
            2.704420804977417
        ],
        [
            0.9623130559921265,
            0.12805049121379852,
            -0.23990973830223083,
            -0.7642537951469421
        ],
        [
            0.0,
            0.8822022676467896,
            0.4708705544471741,
            1.5
        ],
        [
            0.0,
            0.0,
            0.0,
            1.0
        ]
    ],
    "0027": [
        [
            0.18576458096504211,
            -0.4633069932460785,
            0.8665091395378113,
            2.756575107574463
        ],
        [
            0.98259437084198,
            0.08759060502052307,
            -0.16381807625293732,
            -0.5211449265480042
        ],
        [
            0.0,
            0.8818585872650146,
            0.4715139865875244,
            1.5
        ],
        [
            0.0,
            0.0,
            0.0,
            1.0
        ]
    ],
    "0028": [
        [
            0.09631931036710739,
            -0.4692858159542084,
            0.8777775764465332,
            2.7926361560821533
        ],
        [
            0.9953505396842957,
            0.04541242867708206,
            -0.08494187146425247,
            -0.27024129033088684
        ],
        [
            3.725290298461914e-09,
            0.8818778395652771,
            0.4714779257774353,
            1.5
        ],
        [
            0.0,
            0.0,
            0.0,
            1.0
        ]
    ],
    "0029": [
        [
            0.004207823425531387,
            -0.4709026515483856,
            0.8821751475334167,
            2.810030937194824
        ],
        [
            0.9999911785125732,
            0.0019814926199615,
            -0.0037120699416846037,
            -0.011824218556284904
        ],
        [
            0.0,
            0.8821830153465271,
            0.4709067940711975,
            1.5
        ],
        [
            0.0,
            0.0,
            0.0,
            1.0
        ]
    ],
    "0030": [
        [
            -0.08956307172775269,
            -0.46964725852012634,
            0.8782994747161865,
            2.793914794921875
        ],
        [
            0.9959812164306641,
            -0.04223277419805527,
            0.07898060232400894,
            0.2512412667274475
        ],
        [
            0.0,
            0.8818434476852417,
            0.4715423583984375,
            1.5
        ],
        [
            0.0,
            0.0,
            0.0,
            1.0
        ]
    ],
    "0031": [
        [
            -0.18398725986480713,
            -0.46345436573028564,
            0.8668094873428345,
            2.757591485977173
        ],
        [
            0.9829286336898804,
            -0.08675064891576767,
            0.16225175559520721,
            0.5161734819412231
        ],
        [
            7.450580596923828e-09,
            0.8818641901016235,
            0.4715035557746887,
            1.5
        ],
        [
            0.0,
            0.0,
            0.0,
            1.0
        ]
    ],
    "0032": [
        [
            -0.27816513180732727,
            -0.4524140954017639,
            0.8473167419433594,
            2.69844388961792
        ],
        [
            0.9605333209037781,
            -0.13101661205291748,
            0.24537824094295502,
            0.7814544439315796
        ],
        [
            -7.450580596923828e-09,
            0.8821316361427307,
            0.4710029661655426,
            1.5
        ],
        [
            0.0,
            0.0,
            0.0,
            1.0
        ]
    ],
    "0033": [
        [
            -0.3710342347621918,
            -0.43749669194221497,
            0.8191033005714417,
            2.6079113483428955
        ],
        [
            0.9286192655563354,
            -0.17480388283729553,
            0.3272766172885895,
            1.0420033931732178
        ],
        [
            0.0,
            0.8820658922195435,
            0.4711260199546814,
            1.5
        ],
        [
            0.0,
            0.0,
            0.0,
            1.0
        ]
    ],
    "0034": [
        [
            -0.4613519608974457,
            -0.41830405592918396,
            0.7824168801307678,
            2.489243268966675
        ],
        [
            0.8872173428535461,
            -0.21751759946346283,
            0.40685585141181946,
            1.2944035530090332
        ],
        [
            -1.4901162970204496e-08,
            0.8818774223327637,
            0.47147876024246216,
            1.5
        ],
        [
            0.0,
            0.0,
            0.0,
            1.0
        ]
    ],
    "0035": [
        [
            -0.5480431914329529,
            -0.3943984806537628,
            0.7376302480697632,
            2.3465769290924072
        ],
        [
            0.8364500403404236,
            -0.25841042399406433,
            0.48329633474349976,
            1.537480354309082
        ],
        [
            0.0,
            0.8818581700325012,
            0.47151464223861694,
            1.5
        ],
        [
            0.0,
            0.0,
            0.0,
            1.0
        ]
    ],
    "0036": [
        [
            -0.6300173401832581,
            -0.3659893870353699,
            0.6849306225776672,
            2.1799983978271484
        ],
        [
            0.7765811681747437,
            -0.2969164252281189,
            0.5556640028953552,
            1.7685683965682983
        ],
        [
            2.9802322387695312e-08,
            0.881982147693634,
            0.4712828993797302,
            1.5
        ],
        [
            0.0,
            0.0,
            0.0,
            1.0
        ]
    ],
    "0037": [
        [
            -0.7061851024627686,
            -0.33338695764541626,
            0.624624490737915,
            1.9898102283477783
        ],
        [
            0.7080272436141968,
            -0.33251953125,
            0.6229993104934692,
            1.9846330881118774
        ],
        [
            0.0,
            0.882203996181488,
            0.470867395401001,
            1.5
        ],
        [
            0.0,
            0.0,
            0.0,
            1.0
        ]
    ],
    "0038": [
        [
            -0.7754397988319397,
            -0.2975946068763733,
            0.5568937063217163,
            1.7723841667175293
        ],
        [
            0.6314215660095215,
            -0.3654717206954956,
            0.6839132308959961,
            2.1766397953033447
        ],
        [
            0.0,
            0.8819682002067566,
            0.47130894660949707,
            1.5
        ],
        [
            0.0,
            0.0,
            0.0,
            1.0
        ]
    ],
    "0039": [
        [
            -0.8367775082588196,
            -0.258172869682312,
            0.48285627365112305,
            1.536090612411499
        ],
        [
            0.5475431680679321,
            -0.3945501744747162,
            0.7379204630851746,
            2.347515821456909
        ],
        [
            -1.4901164746561335e-08,
            0.8818598389625549,
            0.47151151299476624,
            1.5
        ],
        [
            0.0,
            0.0,
            0.0,
            1.0
        ]
    ],
    "0040": [
        [
            -0.8893362283706665,
            -0.21559467911720276,
            0.40323683619499207,
            1.282834529876709
        ],
        [
            0.4572537839412689,
            -0.4193211495876312,
            0.7842759490013123,
            2.4950504302978516
        ],
        [
            1.4901161193847656e-08,
            0.8818665742874146,
            0.4714990258216858,
            1.5
        ],
        [
            0.0,
            0.0,
            0.0,
            1.0
        ]
    ],
    "0041": [
        [
            -0.9323623776435852,
            -0.1703789234161377,
            0.31885966658592224,
            1.0148773193359375
        ],
        [
            0.36152520775794983,
            -0.4394019842147827,
            0.8223292231559753,
            2.617337226867676
        ],
        [
            0.0,
            0.8819845914840698,
            0.4712781608104706,
            1.5
        ],
        [
            0.0,
            0.0,
            0.0,
            1.0
        ]
    ],
    "0042": [
        [
            -0.9652280211448669,
            -0.12307935208082199,
            0.2306216061115265,
            0.7347291111946106
        ],
        [
            0.26140934228897095,
            -0.45445823669433594,
            0.8515473008155823,
            2.712913990020752
        ],
        [
            0.0,
            0.8822240233421326,
            0.47082987427711487,
            1.5
        ],
        [
            0.0,
            0.0,
            0.0,
            1.0
        ]
    ],
    "0043": [
        [
            -0.9874235391616821,
            -0.07449816167354584,
            0.13944461941719055,
            0.4438866972923279
        ],
        [
            0.15809737145900726,
            -0.46529072523117065,
            0.8709246516227722,
            2.7723686695098877
        ],
        [
            0.0,
            0.8820173740386963,
            0.47121691703796387,
            1.5
        ],
        [
            0.0,
            0.0,
            0.0,
            1.0
        ]
    ],
    "0044": [
        [
            -0.9985994100570679,
            -0.024951763451099396,
            0.04665590822696686,
            0.14839743077754974
        ],
        [
            0.05290902033448219,
            -0.47093701362609863,
            0.8805788159370422,
            2.800837993621826
        ],
        [
            0.0,
            0.8818139433860779,
            0.4715975224971771,
            1.5
        ],
        [
            0.0,
            0.0,
            0.0,
            1.0
        ]
    ],
    "0045": [
        [
            -0.9985995292663574,
            0.024950863793492317,
            -0.04665422439575195,
            -0.14839208126068115
        ],
        [
            -0.05290711671113968,
            -0.470937043428421,
            0.8805788159370422,
            2.800837993621826
        ],
        [
            -1.862645371275562e-09,
            0.8818139433860779,
            0.4715975224971771,
            1.5
        ],
        [
            0.0,
            0.0,
            0.0,
            1.0
        ]
    ],
    "0046": [
        [
            -0.9874239563941956,
            0.07449706643819809,
            -0.139442577958107,
            -0.443880170583725
        ],
        [
            -0.15809504687786102,
            -0.46529093384742737,
            0.8709250688552856,
            2.772369623184204
        ],
        [
            -7.4505797087454084e-09,
            0.8820173740386963,
            0.47121697664260864,
            1.5
        ],
        [
            0.0,
            0.0,
            0.0,
            1.0
        ]
    ],
    "0047": [
        [
            -0.9652284383773804,
            0.12307875603437424,
            -0.23062047362327576,
            -0.7347253561019897
        ],
        [
            -0.26140809059143066,
            -0.45445844531059265,
            0.8515475988388062,
            2.71291446685791
        ],
        [
            0.0,
            0.8822239637374878,
            0.47082996368408203,
            1.5
        ],
        [
            0.0,
            0.0,
            0.0,
            1.0
        ]
    ],
    "0048": [
        [
            -0.9323630332946777,
            0.1703781932592392,
            -0.31885817646980286,
            -1.0148723125457764
        ],
        [
            -0.3615235388278961,
            -0.43940243124961853,
            0.8223297595977783,
            2.6173384189605713
        ],
        [
            1.4901161193847656e-08,
            0.8819845914840698,
            0.47127825021743774,
            1.5
        ],
        [
            0.0,
            0.0,
            0.0,
            1.0
        ]
    ],
    "0049": [
        [
            -0.8893368244171143,
            0.21559418737888336,
            -0.4032358229160309,
            -1.2828311920166016
        ],
        [
            -0.4572526812553406,
            -0.4193214774131775,
            0.7842764258384705,
            2.495051860809326
        ],
        [
            0.0,
            0.8818665742874146,
            0.47149908542633057,
            1.5
        ],
        [
            0.0,
            0.0,
            0.0,
            1.0
        ]
    ],
    "0050": [
        [
            -0.8367784023284912,
            0.25817224383354187,
            -0.4828551113605499,
            -1.536086916923523
        ],
        [
            -0.5475417375564575,
            -0.394550621509552,
            0.7379212379455566,
            2.3475182056427
        ],
        [
            0.0,
            0.8818598389625549,
            0.47151151299476624,
            1.5
        ],
        [
            0.0,
            0.0,
            0.0,
            1.0
        ]
    ],
    "0051": [
        [
            -0.7754406929016113,
            0.2975940704345703,
            -0.5568928122520447,
            -1.7723814249038696
        ],
        [
            -0.6314204931259155,
            -0.36547204852104187,
            0.6839140057563782,
            2.1766421794891357
        ],
        [
            -1.4901161193847656e-08,
            0.8819682002067566,
            0.47130894660949707,
            1.5
        ],
        [
            0.0,
            0.0,
            0.0,
            1.0
        ]
    ],
    "0052": [
        [
            -0.7061859965324402,
            0.33338648080825806,
            -0.6246237754821777,
            -1.9898080825805664
        ],
        [
            -0.7080264687538147,
            -0.33251988887786865,
            0.6230001449584961,
            1.9846359491348267
        ],
        [
            -1.4901161193847656e-08,
            0.8822040557861328,
            0.4708673357963562,
            1.5
        ],
        [
            0.0,
            0.0,
            0.0,
            1.0
        ]
    ],
    "0053": [
        [
            -0.6300188899040222,
            0.3659888207912445,
            -0.6849295496940613,
            -2.179994821548462
        ],
        [
            -0.7765797972679138,
            -0.2969171404838562,
            0.5556653738021851,
            1.7685726881027222
        ],
        [
            -1.4901159417490817e-08,
            0.881982147693634,
            0.4712828993797302,
            1.5
        ],
        [
            0.0,
            0.0,
            0.0,
            1.0
        ]
    ],
    "0054": [
        [
            -0.5480446815490723,
            0.3943980038166046,
            -0.7376294136047363,
            -2.346574306488037
        ],
        [
            -0.8364490866661072,
            -0.25841110944747925,
            0.4832976460456848,
            1.5374845266342163
        ],
        [
            0.0,
            0.8818581700325012,
            0.47151464223861694,
            1.5
        ],
        [
            0.0,
            0.0,
            0.0,
            1.0
        ]
    ],
    "0055": [
        [
            -0.461353063583374,
            0.41830378770828247,
            -0.7824164032936096,
            -2.4892418384552
        ],
        [
            -0.8872166872024536,
            -0.2175181359052658,
            0.40685686469078064,
            1.294406771659851
        ],
        [
            1.4901161193847656e-08,
            0.8818774223327637,
            0.47147876024246216,
            1.5
        ],
        [
            0.0,
            0.0,
            0.0,
            1.0
        ]
    ],
    "0056": [
        [
            -0.3710351884365082,
            0.4374964237213135,
            -0.8191030621528625,
            -2.6079108715057373
        ],
        [
            -0.9286189079284668,
            -0.17480428516864777,
            0.3272775113582611,
            1.0420063734054565
        ],
        [
            1.4901161193847656e-08,
            0.8820659518241882,
            0.471125990152359,
            1.5
        ],
        [
            0.0,
            0.0,
            0.0,
            1.0
        ]
    ],
    "0057": [
        [
            -0.2781667411327362,
            0.4524138569831848,
            -0.847316324710846,
            -2.6984426975250244
        ],
        [
            -0.9605329036712646,
            -0.13101735711097717,
            0.24537964165210724,
            0.7814589142799377
        ],
        [
            7.450581485102248e-09,
            0.8821316361427307,
            0.4710029661655426,
            1.5
        ],
        [
            0.0,
            0.0,
            0.0,
            1.0
        ]
    ],
    "0058": [
        [
            -0.18398894369602203,
            0.4634542465209961,
            -0.8668092489242554,
            -2.7575907707214355
        ],
        [
            -0.9829282760620117,
            -0.08675144612789154,
            0.1622532606124878,
            0.5161782503128052
        ],
        [
            0.0,
            0.8818641901016235,
            0.4715035557746887,
            1.5
        ],
        [
            0.0,
            0.0,
            0.0,
            1.0
        ]
    ],
    "0059": [
        [
            -0.08956395834684372,
            0.46964722871780396,
            -0.878299355506897,
            -2.793914794921875
        ],
        [
            -0.9959810972213745,
            -0.04223319888114929,
            0.07898139208555222,
            0.25124379992485046
        ],
        [
            3.725290298461914e-09,
            0.8818434476852417,
            0.4715422987937927,
            1.5
        ],
        [
            0.0,
            0.0,
            0.0,
            1.0
        ]
    ],
    "0060": [
        [
            0.004206277430057526,
            0.47090262174606323,
            -0.8821752071380615,
            -2.8100314140319824
        ],
        [
            -0.9999911785125732,
            0.0019807645585387945,
            -0.003710706252604723,
            -0.011819875799119473
        ],
        [
            1.1641532182693481e-10,
            0.8821830153465271,
            0.4709067642688751,
            1.5
        ],
        [
            0.0,
            0.0,
            0.0,
            1.0
        ]
    ],
    "0061": [
        [
            0.09631846845149994,
            0.46928590536117554,
            -0.8777775764465332,
            -2.792635917663574
        ],
        [
            -0.9953505992889404,
            0.04541203752160072,
            -0.08494111895561218,
            -0.27023887634277344
        ],
        [
            -3.725290298461914e-09,
            0.8818778395652771,
            0.4714779853820801,
            1.5
        ],
        [
            0.0,
            0.0,
            0.0,
            1.0
        ]
    ],
    "0062": [
        [
            0.18576379120349884,
            0.46330708265304565,
            -0.8665092587471008,
            -2.756575345993042
        ],
        [
            -0.9825944900512695,
            0.08759023249149323,
            -0.1638173758983612,
            -0.5211426615715027
        ],
        [
            -7.450581485102248e-09,
            0.8818585276603699,
            0.4715140163898468,
            1.5
        ],
        [
            0.0,
            0.0,
            0.0,
            1.0
        ]
    ],
    "0063": [
        [
            0.2719426155090332,
            0.4531250596046448,
            -0.8489550948143005,
            -2.7044219970703125
        ],
        [
            -0.9623135924339294,
            0.12804976105690002,
            -0.239908367395401,
            -0.7642494440078735
        ],
        [
            0.0,
            0.8822022676467896,
            0.4708705544471741,
            1.5
        ],
        [
            0.0,
            0.0,
            0.0,
            1.0
        ]
    ],
    "0064": [
        [
            0.35417893528938293,
            0.44081398844718933,
            -0.8247668147087097,
            -2.6245884895324707
        ],
        [
            -0.935177743434906,
            0.16694903373718262,
            -0.3123631179332733,
            -0.9940078258514404
        ],
        [
            -1.4901162970204496e-08,
            0.8819359540939331,
            0.471369206905365,
            1.5
        ],
        [
            0.0,
            0.0,
            0.0,
            1.0
        ]
    ],
    "0065": [
        [
            0.4317842125892639,
            0.4252389669418335,
            -0.7954458594322205,
            -2.5308375358581543
        ],
        [
            -0.9019769430160522,
            0.2035655975341797,
            -0.38078683614730835,
            -1.2115339040756226
        ],
        [
            0.0,
            0.8818916082382202,
            0.47145214676856995,
            1.5
        ],
        [
            0.0,
            0.0,
            0.0,
            1.0
        ]
    ],
    "0066": [
        [
            0.5044972896575928,
            0.40647274255752563,
            -0.7617495656013489,
            -2.4271175861358643
        ],
        [
            -0.8634133338928223,
            0.23750430345535278,
            -0.4450945556163788,
            -1.4181784391403198
        ],
        [
            0.0,
            0.8822536468505859,
            0.47077423334121704,
            1.5
        ],
        [
            0.0,
            0.0,
            0.0,
            1.0
        ]
    ],
    "0067": [
        [
            0.5719063878059387,
            0.3867897391319275,
            -0.7234063744544983,
            -2.3013429641723633
        ],
        [
            -0.820318877696991,
            0.26966041326522827,
            -0.5043413639068604,
            -1.6044403314590454
        ],
        [
            0.0,
            0.8818598985671997,
            0.47151148319244385,
            1.5
        ],
        [
            0.0,
            0.0,
            0.0,
            1.0
        ]
    ],
    "0068": [
        [
            0.633744478225708,
            0.36460888385772705,
            -0.6822230815887451,
            -2.1710736751556396
        ],
        [
            -0.7735425233840942,
            0.29871517419815063,
            -0.5589287281036377,
            -1.77870774269104
        ],
        [
            0.0,
            0.8819465041160583,
            0.4713495373725891,
            1.5
        ],
        [
            0.0,
            0.0,
            0.0,
            1.0
        ]
    ],
    "0069": [
        [
            0.6900449395179749,
            0.34110355377197266,
            -0.6383466124534607,
            -2.0317022800445557
        ],
        [
            -0.723766565322876,
            0.32521089911460876,
            -0.6086048483848572,
            -1.9370415210723877
        ],
        [
            0.0,
            0.8819786310195923,
            0.4712894558906555,
            1.5
        ],
        [
            0.0,
            0.0,
            0.0,
            1.0
        ]
    ],
    "0070": [
        [
            0.7406107187271118,
            0.31684258580207825,
            -0.5925424695014954,
            -1.8849248886108398
        ],
        [
            -0.6719343662261963,
            0.34922608733177185,
            -0.6531044244766235,
            -2.0775773525238037
        ],
        [
            0.0,
            0.8818457126617432,
            0.4715379774570465,
            1.5
        ],
        [
            0.0,
            0.0,
            0.0,
            1.0
        ]
    ],
    "0071": [
        [
            0.7856642007827759,
            0.2914038598537445,
            -0.5457248091697693,
            -1.7378684282302856
        ],
        [
            -0.6186531782150269,
            0.3700709640979767,
            -0.6930481791496277,
            -2.207021951675415
        ],
        [
            0.0,
            0.8821175694465637,
            0.4710294306278229,
            1.5
        ],
        [
            0.0,
            0.0,
            0.0,
            1.0
        ]
    ],
    "0072": [
        [
            0.8252545595169067,
            0.2663098871707916,
            -0.4980301558971405,
            -1.5842519998550415
        ],
        [
            -0.5647610425949097,
            0.3891441524028778,
            -0.7277444005012512,
            -2.31498122215271
        ],
        [
            -1.4901161193847656e-08,
            0.881842315196991,
            0.47154444456100464,
            1.5
        ],
        [
            0.0,
            0.0,
            0.0,
            1.0
        ]
    ],
    "0073": [
        [
            0.8596813678741455,
            0.24056804180145264,
            -0.4506385624408722,
            -1.4353532791137695
        ],
        [
            -0.510830819606781,
            0.404853880405426,
            -0.7583832740783691,
            -2.415567636489868
        ],
        [
            -1.4901162970204496e-08,
            0.8821679353713989,
            0.47093483805656433,
            1.5
        ],
        [
            0.0,
            0.0,
            0.0,
            1.0
        ]
    ],
    "0074": [
        [
            0.8891711235046387,
            0.2157454937696457,
            -0.40352025628089905,
