{
    "K": [
        [
            1111.111111111111,
            0,
            400.0
        ],
        [
            0.0,
            1111.111111111111,
            400.0
        ],
        [
            0.0,
            0.0,
            1.0
        ]
    ],
    "0000": [
        [
            1.0,
            0.0,
            0.0,
            0.0
        ],
        [
            0.0,
            0.43497923016548157,
            -0.9004403948783875,
            -2.4840919971466064
        ],
        [
            0.0,
            0.9004403948783875,
            0.43497925996780396,
            1.0
        ],
        [
            0.0,
            0.0,
            0.0,
            1.0
        ]
    ],
    "0001": [
        [
            0.9999973177909851,
            -0.0010246715974062681,
            0.0021208180114626884,
            0.005850072950124741
        ],
        [
            0.0023553818464279175,
            0.43503302335739136,
            -0.9004113078117371,
            -2.4836981296539307
        ],
        [
            0.0,
            0.9004138708114624,
            0.4350341856479645,
            1.0
        ],
        [
            0.0,
            0.0,
            0.0,
            1.0
        ]
    ],
    "0002": [
        [
            0.9999562501907349,
            -0.0040710060857236385,
            0.008422360755503178,
            0.023224174976348877
        ],
        [
            0.009354638867080212,
            0.4351668357849121,
            -0.9003012180328369,
            -2.4825286865234375
        ],
        [
            -2.3283064365386963e-10,
            0.9003404974937439,
            0.43518590927124023,
            1.0
        ],
        [
            0.0,
            0.0,
            0.0,
            1.0
        ]
    ],
    "0003": [
        [
            0.9997815489768982,
            -0.009100117720663548,
            0.018815578892827034,
            0.05185757204890251
        ],
        [
            0.020900676026940346,
            0.4353031516075134,
            -0.9000412225723267,
            -2.4806013107299805
        ],
        [
            9.313225746154785e-10,
            0.9002378582954407,
            0.43539825081825256,
            1.0
        ],
        [
            0.0,
            0.0,
            0.0,
            1.0
        ]
    ],
    "0004": [
        [
            0.9993192553520203,
            -0.016071781516075134,
            0.033209946006536484,
            0.09148437529802322
        ],
        [
            0.03689449280500412,
            0.43531811237335205,
            -0.899520218372345,
            -2.477933645248413
        ],
        [
            1.862645593320167e-09,
            0.9001331329345703,
            0.4356147050857544,
            1.0
        ],
        [
            0.0,
            0.0,
            0.0,
            1.0
        ]
    ],
    "0005": [
        [
            0.998361349105835,
            -0.02493661642074585,
            0.05150669813156128,
            0.14183983206748962
        ],
        [
            0.05722565948963165,
            0.4350453019142151,
            -0.8985881209373474,
            -2.474544048309326
        ],
        [
            0.0,
            0.9000630974769592,
            0.43575939536094666,
            1.0
        ],
        [
            0.0,
            0.0,
            0.0,
            1.0
        ]
    ],
    "0006": [
        [
            0.9966521859169006,
            -0.03562567010521889,
            0.07358922064304352,
            0.20266041159629822
        ],
        [
            0.08175918459892273,
            0.4342803359031677,
            -0.8970596194267273,
            -2.470449686050415
        ],
        [
            0.0,
            0.9000729918479919,
            0.43573909997940063,
            1.0
        ],
        [
            0.0,
            0.0,
            0.0,
            1.0
        ]
    ],
    "0007": [
        [
            0.9938962459564209,
            -0.04803784191608429,
            0.09931066632270813,
            0.2736802101135254
        ],
        [
            0.11031883209943771,
            0.43278768658638,
            -0.8947203159332275,
            -2.4656691551208496
        ],
        [
            0.0,
            0.9002150297164917,
            0.4354454576969147,
            1.0
        ],
        [
            0.0,
            0.0,
            0.0,
            1.0
        ]
    ],
    "0008": [
        [
            0.9897688627243042,
            -0.06207970902323723,
            0.1284673810005188,
            0.35431498289108276
        ],
        [
            0.14268063008785248,
            0.4306439757347107,
            -0.8911722302436829,
            -2.4578664302825928
        ],
        [
            7.450580596923828e-09,
            0.900384247303009,
            0.43509551882743835,
            1.0
        ],
        [
            0.0,
            0.0,
            0.0,
            1.0
        ]
    ],
    "0009": [
        [
            0.9838894009590149,
            -0.07787857204675674,
            0.16092459857463837,
            0.44330376386642456
        ],
        [
            0.17877866327762604,
            0.42859646677970886,
            -0.8856314420700073,
            -2.4396750926971436
        ],
        [
            0.0,
            0.9001332521438599,
            0.4356144666671753,
            1.0
        ],
        [
            0.0,
            0.0,
            0.0,
            1.0
        ]
    ],
    "0010": [
        [
            0.975858211517334,
            -0.09514565765857697,
            0.1965911090373993,
            0.5415254235267639
        ],
        [
            0.21840503811836243,
            0.4251214265823364,
            -0.8783910870552063,
            -2.4195961952209473
        ],
        [
            0.0,
            0.9001215696334839,
            0.43563854694366455,
            1.0
        ],
        [
            0.0,
            0.0,
            0.0,
            1.0
        ]
    ],
    "0011": [
        [
            0.9652922749519348,
            -0.1136118471622467,
            0.23516640067100525,
            0.6487236618995667
        ],
        [
            0.2611721456050873,
            0.41990938782691956,
            -0.8691750168800354,
            -2.3976826667785645
        ],
        [
            0.0,
            0.9004268050193787,
            0.4350075423717499,
            1.0
        ],
        [
            0.0,
            0.0,
            0.0,
            1.0
        ]
    ],
    "0012": [
        [
            0.9517689943313599,
            -0.13363835215568542,
            0.27618208527565,
            0.7608919143676758
        ],
        [
            0.306815505027771,
            0.4145580530166626,
            -0.8567413687705994,
            -2.36035418510437
        ],
        [
            0.0,
            0.9001567363739014,
            0.4355658292770386,
            1.0
        ],
        [
            0.0,
            0.0,
            0.0,
            1.0
        ]
    ],
    "0013": [
        [
            0.9348242878913879,
            -0.15465471148490906,
            0.31966468691825867,
            0.8807984590530396
        ],
        [
            0.35511070489883423,
            0.4071264863014221,
            -0.8415130972862244,
            -2.318690299987793
        ],
        [
            0.0,
            0.9001832008361816,
            0.4355112612247467,
            1.0
        ],
        [
            0.0,
            0.0,
            0.0,
            1.0
        ]
    ],
    "0014": [
        [
            0.9141209721565247,
            -0.17647282779216766,
            0.36502084136009216,
            1.0063507556915283
        ],
        [
            0.40544161200523376,
            0.39788100123405457,
            -0.8229870796203613,
            -2.268949031829834
        ],
        [
            0.0,
            0.90030437707901,
            0.4352607727050781,
            1.0
        ],
        [
            0.0,
            0.0,
            0.0,
            1.0
        ]
    ],
    "0015": [
        [
            0.8891715407371521,
            -0.19933980703353882,
            0.41187089681625366,
            1.1345137357711792
        ],
        [
            0.4575740694999695,
            0.3873630464076996,
            -0.8003597855567932,
            -2.204620838165283
        ],
        [
            0.0,
            0.9001185894012451,
            0.43564486503601074,
            1.0
        ],
        [
            0.0,
            0.0,
            0.0,
            1.0
        ]
    ],
    "0016": [
        [
            0.8596813678741455,
            -0.22226393222808838,
            0.4599419832229614,
            1.2685049772262573
        ],
        [
            0.5108305811882019,
            0.37404999136924744,
            -0.7740405201911926,
            -2.1347784996032715
        ],
        [
            -1.4901159417490817e-08,
            0.9003806114196777,
            0.43510305881500244,
            1.0
        ],
        [
            0.0,
            0.0,
            0.0,
            1.0
        ]
    ],
    "0017": [
        [
            0.825255274772644,
            -0.24606019258499146,
            0.5083386301994324,
            1.4000933170318604
        ],
        [
            0.5647600293159485,
            0.35955530405044556,
            -0.7428095936775208,
            -2.0458855628967285
        ],
        [
            1.4901161193847656e-08,
            0.9000968337059021,
            0.4356898367404938,
            1.0
        ],
        [
            0.0,
            0.0,
            0.0,
            1.0
        ]
    ],
    "0018": [
        [
            0.7856646180152893,
            -0.2692340016365051,
            0.556995689868927,
            1.5358548164367676
        ],
        [
            0.6186527609825134,
            0.3419165313243866,
            -0.7073624730110168,
            -1.950474739074707
        ],
        [
            0.0,
            0.9003366231918335,
            0.4351940453052521,
            1.0
        ],
        [
            0.0,
            0.0,
            0.0,
            1.0
        ]
    ],
    "0019": [
        [
            0.74061119556427,
            -0.2927505075931549,
            0.6048074960708618,
            1.6658167839050293
        ],
        [
            0.6719338297843933,
            0.3226720988750458,
            -0.6666239500045776,
            -1.836077332496643
        ],
        [
            -1.4901162970204496e-08,
            0.9000997543334961,
            0.43568360805511475,
            1.0
        ],
        [
            0.0,
            0.0,
            0.0,
            1.0
        ]
    ],
    "0020": [
        [
            0.6900454163551331,
            -0.3151599168777466,
            0.6515454649925232,
            1.7955328226089478
        ],
        [
            0.7237661480903625,
            0.30047643184661865,
            -0.621189534664154,
            -1.711877703666687
        ],
        [
            -1.4901161193847656e-08,
            0.9002156257629395,
            0.43544435501098633,
            1.0
        ],
        [
            0.0,
            0.0,
            0.0,
            1.0
        ]
    ],
    "0021": [
        [
            0.6337458491325378,
            -0.3368789851665497,
            0.6963322162628174,
            1.918701410293579
        ],
        [
            0.7735413312911987,
            0.27599772810935974,
            -0.5704901218414307,
            -1.571951150894165
        ],
        [
            2.980232594040899e-08,
            0.9001874923706055,
            0.43550223112106323,
            1.0
        ],
        [
            0.0,
            0.0,
            0.0,
            1.0
        ]
    ],
    "0022": [
        [
            0.5719067454338074,
            -0.35737839341163635,
            0.7383788228034973,
            2.033830404281616
        ],
        [
            0.8203186392784119,
            0.24915575981140137,
            -0.5147802233695984,
            -1.4179383516311646
        ],
        [
            0.0,
            0.9001121520996094,
            0.4356580674648285,
            1.0
        ],
        [
            0.0,
            0.0,
            0.0,
            1.0
        ]
    ],
    "0023": [
        [
            0.5044975280761719,
            -0.37554022669792175,
            0.7774649262428284,
            2.1449851989746094
        ],
        [
            0.8634130954742432,
            0.21943043172359467,
            -0.4542774558067322,
            -1.2533278465270996
        ],
        [
            0.0,
            0.9004553556442261,
            0.4349484443664551,
            1.0
        ],
        [
            0.0,
            0.0,
            0.0,
            1.0
        ]
    ],
    "0024": [
        [
            0.43178507685661316,
            -0.3929018974304199,
            0.8119049668312073,
            2.236647844314575
        ],
        [
            0.9019765853881836,
            0.18808601796627045,
            -0.38866692781448364,
            -1.0707054138183594
        ],
        [
            0.0,
            0.9001398086547852,
            0.43560099601745605,
            1.0
        ],
        [
            0.0,
            0.0,
            0.0,
            1.0
        ]
    ],
    "0025": [
        [
            0.35417917370796204,
            -0.4072895646095276,
            0.8418266177177429,
            2.3195018768310547
        ],
        [
            0.9351776242256165,
            0.15425249934196472,
            -0.3188244104385376,
            -0.8784633278846741
        ],
        [
            0.0,
            0.9001784324645996,
            0.43552109599113464,
            1.0
        ],
        [
            0.0,
            0.0,
            0.0,
            1.0
        ]
    ],
    "0026": [
        [
            0.27194416522979736,
            -0.4186457693576813,
            0.8664767742156982,
            2.39005446434021
        ],
        [
            0.9623129963874817,
            0.11830690503120422,
            -0.2448613941669464,
            -0.6754157543182373
        ],
        [
            0.0,
            0.900410532951355,
            0.4350411891937256,
            1.0
        ],
        [
            0.0,
            0.0,
            0.0,
            1.0
        ]
    ],
    "0027": [
        [
            0.1857646405696869,
            -0.4280775487422943,
            0.8844438195228577,
            2.4361462593078613
        ],
        [
            0.9825943112373352,
            0.08093032240867615,
            -0.16720877587795258,
            -0.46056634187698364
        ],
        [
            0.0,
            0.9001109600067139,
            0.4356604814529419,
            1.0
        ],
        [
            0.0,
            0.0,
            0.0,
            1.0
        ]
    ],
    "0028": [
        [
            0.09631937742233276,
            -0.43360036611557007,
            0.8959425687789917,
            2.468015432357788
        ],
        [
            0.9953504800796509,
            0.04195920377969742,
            -0.08669973909854889,
            -0.2388281375169754
        ],
        [
            0.0,
            0.9001278281211853,
            0.4356257915496826,
            1.0
        ],
        [
            0.0,
            0.0,
            0.0,
            1.0
        ]
    ],
    "0029": [
        [
            0.004207877442240715,
            -0.4350721538066864,
            0.9003856182098389,
            2.4833884239196777
        ],
        [
            0.999991238117218,
            0.001830746536143124,
            -0.003788745729252696,
            -0.010449886322021484
        ],
        [
            -1.1641533570472262e-10,
            0.9003936648368835,
            0.4350760281085968,
            1.0
        ],
        [
            0.0,
            0.0,
            0.0,
            1.0
        ]
    ],
    "0030": [
        [
            -0.08956301957368851,
            -0.4339369237422943,
            0.8964804410934448,
            2.4691452980041504
        ],
        [
            0.9959812164306641,
            -0.03902151808142662,
            0.08061546832323074,
            0.2220364362001419
        ],
        [
            0.0,
            0.9000977873802185,
            0.4356878399848938,
            1.0
        ],
        [
            0.0,
            0.0,
            0.0,
            1.0
        ]
    ],
    "0031": [
        [
            -0.18398718535900116,
            -0.42821335792541504,
            0.8847495913505554,
            2.437044382095337
        ],
        [
            0.9829286932945251,
            -0.08015410602092743,
            0.16560977697372437,
            0.4561724364757538
        ],
        [
            -7.450581485102248e-09,
            0.9001157879829407,
            0.435650497674942,
            1.0
        ],
        [
            0.0,
            0.0,
            0.0,
            1.0
        ]
    ],
    "0032": [
        [
            -0.27816513180732727,
            -0.41799402236938477,
            0.8648149967193604,
            2.3847720623016357
        ],
        [
            0.9605332612991333,
            -0.12104876339435577,
            0.2504456341266632,
            0.69061678647995
        ],
        [
            0.0,
            0.9003489017486572,
            0.43516865372657776,
            1.0
        ],
        [
            0.0,
            0.0,
            0.0,
            1.0
        ]
    ],
    "0033": [
        [
            -0.3710342049598694,
            -0.4042159914970398,
            0.8360280990600586,
            2.3047633171081543
        ],
        [
            0.9286192655563354,
            -0.16150639951229095,
            0.33403897285461426,
            0.920879065990448
        ],
        [
            -1.4901161193847656e-08,
            0.9002916216850281,
            0.43528711795806885,
            1.0
        ],
        [
            0.0,
            0.0,
            0.0,
            1.0
        ]
    ],
    "0034": [
        [
            -0.4613519012928009,
            -0.3864954113960266,
            0.7986086010932922,
            2.1998894214630127
        ],
        [
            0.8872172236442566,
            -0.2009771466255188,
            0.415275514125824,
            1.1439398527145386
        ],
        [
            0.0,
            0.9001274704933167,
            0.4356265962123871,
            1.0
        ],
        [
            0.0,
            0.0,
            0.0,
            1.0
        ]
    ],
    "0035": [
        [
            -0.5480431914329529,
            -0.36440885066986084,
            0.7528975605964661,
            2.0738067626953125
        ],
        [
            0.8364500999450684,
            -0.23876115679740906,
            0.4932994544506073,
            1.3587608337402344
        ],
        [
            1.4901162970204496e-08,
            0.9001106023788452,
            0.4356611967086792,
            1.0
        ],
        [
            0.0,
            0.0,
            0.0,
            1.0
        ]
    ],
    "0036": [
        [
            -0.6300173401832581,
            -0.3381529748439789,
            0.6990927457809448,
            1.9265917539596558
        ],
        [
            0.7765811681747437,
            -0.27433350682258606,
            0.56715327501297,
            1.562986969947815
        ],
        [
            0.0,
            0.9002187252044678,
            0.43543803691864014,
            1.0
        ],
        [
            0.0,
            0.0,
            0.0,
            1.0
        ]
    ],
    "0037": [
        [
            -0.7061851024627686,
            -0.30801883339881897,
            0.63751620054245,
            1.7585113048553467
        ],
        [
            0.7080272436141968,
            -0.30721738934516907,
            0.6358574628829956,
            1.7539359331130981
        ],
        [
            -1.4901162970204496e-08,
            0.9004119038581848,
            0.43503811955451965,
            1.0
        ],
        [
            0.0,
            0.0,
            0.0,
            1.0
        ]
    ],
    "0038": [
        [
            -0.7754397988319397,
            -0.27496081590652466,
            0.5684097409248352,
            1.566359281539917
        ],
        [
            0.6314215660095215,
            -0.33767545223236084,
            0.6980558633804321,
            1.9236233234405518
        ],
        [
            1.4901161193847656e-08,
            0.9002065062522888,
            0.43546316027641296,
            1.0
        ],
        [
            0.0,
            0.0,
            0.0,
            1.0
        ]
    ],
    "0039": [
        [
            -0.8367774486541748,
            -0.2385416328907013,
            0.4928501844406128,
            1.3575328588485718
        ],
        [
            0.5475431084632874,
            -0.364548921585083,
            0.7531934976577759,
            2.074636459350586
        ],
        [
            -1.4901161193847656e-08,
            0.9001121520996094,
            0.43565815687179565,
            1.0
        ],
        [
            0.0,
            0.0,
            0.0,
            1.0
        ]
    ],
    "0040": [
        [
            -0.8893362283706665,
            -0.19920088350772858,
            0.41158241033554077,
            1.1337157487869263
        ],
        [
            0.4572538137435913,
            -0.3874359130859375,
            0.8005075454711914,
            2.205021381378174
        ],
        [
            -1.4901159417490817e-08,
            0.9001179337501526,
            0.4356461763381958,
            1.0
        ],
        [
            0.0,
            0.0,
            0.0,
            1.0
        ]
    ],
    "0041": [
        [
            -0.9323623180389404,
            -0.15742021799087524,
            0.3254525363445282,
            0.8969062566757202
        ],
        [
            0.3615252375602722,
            -0.4059818387031555,
            0.8393319249153137,
            2.3130931854248047
        ],
        [
            0.0,
            0.9002208113670349,
            0.435433566570282,
            1.0
        ],
        [
            0.0,
            0.0,
            0.0,
            1.0
        ]
    ],
    "0042": [
        [
            -0.9652280807495117,
            -0.11371362954378128,
            0.23538069427013397,
            0.6493229866027832
        ],
        [
            0.2614094018936157,
            -0.41987618803977966,
            0.8691196441650391,
            2.3975601196289062
        ],
        [
            0.0,
            0.9004293084144592,
            0.43500208854675293,
            1.0
        ],
        [
            0.0,
            0.0,
            0.0,
            1.0
        ]
    ],
    "0043": [
        [
            -0.9874235391616821,
            -0.06883159279823303,
            0.14232705533504486,
            0.39228856563568115
        ],
        [
            0.15809738636016846,
            -0.429899126291275,
            0.8889273405075073,
            2.450103521347046
        ],
        [
            -7.450580596923828e-09,
            0.9002493023872375,
            0.4353746175765991,
            1.0
        ],
        [
            0.0,
            0.0,
            0.0,
            1.0
        ]
    ],
    "0044": [
        [
            -0.9985993504524231,
            -0.02305462770164013,
            0.04762192815542221,
            0.13114745914936066
        ],
        [
            0.052909016609191895,
            -0.43513065576553345,
            0.8988113403320312,
            2.4752635955810547
        ],
        [
            0.0,
            0.9000720381736755,
            0.43574094772338867,
            1.0
        ],
        [
            0.0,
            0.0,
            0.0,
            1.0
        ]
    ],
    "0045": [
        [
            -0.9985994100570679,
            0.02305379882454872,
            -0.04762021824717522,
            -0.1311427354812622
        ],
        [
            -0.05290711298584938,
            -0.4351307153701782,
            0.8988114595413208,
            2.4752635955810547
        ],
        [
            0.0,
            0.9000720381736755,
            0.43574097752571106,
            1.0
        ],
        [
            0.0,
            0.0,
            0.0,
            1.0
        ]
    ],
    "0046": [
        [
            -0.9874239563941956,
            0.06883057206869125,
            -0.14232495427131653,
            -0.39228278398513794
        ],
        [
            -0.15809504687786102,
            -0.42989930510520935,
            0.888927698135376,
            2.4501044750213623
        ],
        [
            3.725290298461914e-09,
            0.9002493023872375,
            0.4353746175765991,
            1.0
        ],
        [
            0.0,
            0.0,
            0.0,
            1.0
        ]
    ],
    "0047": [
        [
            -0.9652283787727356,
            0.1137131005525589,
            -0.23537953197956085,
            -0.6493196487426758
        ],
        [
            -0.26140812039375305,
            -0.41987642645835876,
            0.8691198825836182,
            2.3975603580474854
        ],
        [
            0.0,
            0.9004292488098145,
            0.4350021481513977,
            1.0
        ],
        [
            0.0,
            0.0,
            0.0,
            1.0
        ]
    ],
    "0048": [
        [
            -0.9323630332946777,
            0.15741948783397675,
            -0.32545098662376404,
            -0.8969018459320068
        ],
        [
            -0.3615235388278961,
            -0.40598219633102417,
            0.8393325209617615,
            2.3130943775177
        ],
        [
            -1.4901162970204496e-08,
            0.9002206921577454,
            0.43543362617492676,
            1.0
        ],
        [
            0.0,
            0.0,
            0.0,
            1.0
        ]
    ],
    "0049": [
        [
            -0.889336884021759,
            0.19920037686824799,
            -0.4115813076496124,
            -1.133712649345398
        ],
        [
            -0.4572526812553406,
            -0.38743624091148376,
            0.8005080223083496,
            2.2050225734710693
        ],
        [
            -1.4901161193847656e-08,
            0.9001179337501526,
            0.4356462061405182,
            1.0
        ],
        [
            0.0,
            0.0,
            0.0,
            1.0
        ]
    ],
    "0050": [
        [
            -0.8367784023284912,
            0.23854106664657593,
            -0.4928490221500397,
            -1.3575295209884644
        ],
        [
            -0.5475418567657471,
            -0.36454933881759644,
            0.753194272518158,
            2.0746383666992188
        ],
        [
            -2.980232594040899e-08,
            0.9001120924949646,
            0.43565818667411804,
            1.0
        ],
        [
            0.0,
            0.0,
            0.0,
            1.0
        ]
    ],
    "0051": [
        [
            -0.7754406332969666,
            0.27496036887168884,
            -0.5684088468551636,
            -1.566356897354126
        ],
        [
            -0.6314206123352051,
            -0.3376757800579071,
            0.6980565786361694,
            1.9236254692077637
        ],
        [
            0.0,
            0.9002065062522888,
            0.4354631304740906,
            1.0
        ],
        [
            0.0,
            0.0,
            0.0,
            1.0
        ]
    ],
    "0052": [
        [
            -0.7061859369277954,
            0.30801844596862793,
            -0.6375153660774231,
            -1.7585093975067139
        ],
        [
            -0.7080263495445251,
            -0.3072177767753601,
            0.6358582377433777,
            1.7539384365081787
        ],
        [
            1.4901162970204496e-08,
            0.9004119634628296,
            0.4350380599498749,
            1.0
        ],
        [
            0.0,
            0.0,
            0.0,
            1.0
        ]
    ],
    "0053": [
        [
            -0.6300188302993774,
            0.3381524682044983,
            -0.6990916728973389,
            -1.9265886545181274
        ],
        [
            -0.7765798568725586,
            -0.2743341624736786,
            0.5671546459197998,
            1.562990665435791
        ],
        [
            1.4901159417490817e-08,
            0.9002187252044678,
            0.4354380667209625,
            1.0
        ],
        [
            0.0,
            0.0,
            0.0,
            1.0
        ]
    ],
    "0054": [
        [
            -0.5480446219444275,
            0.36440837383270264,
            -0.752896785736084,
            -2.0738046169281006
        ],
        [
            -0.836449146270752,
            -0.23876173794269562,
            0.49330079555511475,
            1.3587645292282104
        ],
        [
            -1.4901161193847656e-08,
            0.90011066198349,
            0.4356611967086792,
            1.0
        ],
        [
            0.0,
            0.0,
            0.0,
            1.0
        ]
    ],
    "0055": [
        [
            -0.46135297417640686,
            0.3864951729774475,
            -0.7986080050468445,
            -2.199888229370117
        ],
        [
            -0.8872166872024536,
            -0.200977623462677,
            0.415276437997818,
            1.1439425945281982
        ],
        [
            0.0,
            0.9001274704933167,
            0.4356265366077423,
            1.0
        ],
        [
            0.0,
            0.0,
            0.0,
            1.0
        ]
    ],
    "0056": [
        [
            -0.3710351586341858,
            0.4042157232761383,
            -0.8360278010368347,
            -2.304762840270996
        ],
        [
            -0.9286187887191772,
            -0.161506786942482,
            0.3340398371219635,
            0.9208816289901733
        ],
        [
            -1.4901161193847656e-08,
            0.9002916216850281,
            0.4352870285511017,
            1.0
        ],
        [
            0.0,
            0.0,
            0.0,
            1.0
        ]
    ],
    "0057": [
        [
            -0.2781667113304138,
            0.4179937243461609,
            -0.8648146986961365,
            -2.3847711086273193
        ],
        [
            -0.9605329036712646,
            -0.1210494115948677,
            0.2504470646381378,
            0.6906207203865051
        ],
        [
            0.0,
            0.9003489017486572,
            0.43516865372657776,
            1.0
        ],
        [
            0.0,
            0.0,
            0.0,
            1.0
        ]
    ],
    "0058": [
        [
            -0.18398891389369965,
            0.4282131791114807,
            -0.8847493529319763,
            -2.4370436668395996
        ],
        [
            -0.9829283952713013,
            -0.08015485107898712,
            0.16561132669448853,
            0.4561766982078552
        ],
        [
            0.0,
            0.9001157879829407,
            0.435650497674942,
            1.0
        ],
        [
            0.0,
            0.0,
            0.0,
            1.0
        ]
    ],
    "0059": [
        [
            -0.08956391364336014,
            0.43393674492836,
            -0.8964803814888,
            -2.4691455364227295
        ],
        [
            -0.9959810972213745,
            -0.039021894335746765,
            0.08061627298593521,
            0.22203867137432098
        ],
        [
            0.0,
            0.9000977277755737,
            0.43568775057792664,
            1.0
        ],
        [
            0.0,
            0.0,
            0.0,
            1.0
        ]
    ],
    "0060": [
        [
            0.004206331446766853,
            0.4350721538066864,
            -0.9003856182098389,
            -2.483388662338257
        ],
        [
            -0.9999911785125732,
            0.00183007400482893,
            -0.003787353867664933,
            -0.010446048341691494
        ],
        [
            1.1641533570472262e-10,
            0.9003936648368835,
            0.4350759983062744,
            1.0
        ],
        [
            0.0,
            0.0,
            0.0,
            1.0
        ]
    ],
    "0061": [
        [
            0.09631851315498352,
            0.43360042572021484,
            -0.895942747592926,
            -2.468015193939209
        ],
        [
            -0.9953505992889404,
            0.04195883125066757,
            -0.086698979139328,
            -0.2388259768486023
        ],
        [
            -3.7252898543727042e-09,
            0.9001278281211853,
            0.4356258809566498,
            1.0
        ],
        [
            0.0,
            0.0,
            0.0,
            1.0
        ]
    ],
    "0062": [
        [
            0.18576382100582123,
            0.4280776381492615,
            -0.884443998336792,
            -2.4361464977264404
        ],
        [
            -0.9825944900512695,
            0.08092997223138809,
            -0.16720804572105408,
            -0.4605642855167389
        ],
        [
            7.450581485102248e-09,
            0.9001109600067139,
            0.4356605112552643,
            1.0
        ],
        [
            0.0,
            0.0,
            0.0,
            1.0
        ]
    ],
    "0063": [
        [
            0.2719426453113556,
            0.4186460077762604,
            -0.8664771914482117,
            -2.3900554180145264
        ],
        [
            -0.9623134732246399,
            0.1183062493801117,
            -0.24486002326011658,
            -0.6754119396209717
        ],
        [
            -7.4505797087454084e-09,
            0.900410532951355,
            0.43504124879837036,
            1.0
        ],
        [
            0.0,
            0.0,
            0.0,
            1.0
        ]
    ],
    "0064": [
        [
            0.3541789948940277,
            0.40728962421417236,
            -0.8418267369270325,
            -2.3195018768310547
        ],
        [
            -0.935177743434906,
            0.15425240993499756,
            -0.31882426142692566,
            -0.8784628510475159
        ],
        [
            0.0,
            0.9001784324645996,
            0.43552112579345703,
            1.0
        ],
        [
            0.0,
            0.0,
            0.0,
            1.0
        ]
    ],
    "0065": [
        [
            0.4317842423915863,
            0.39290207624435425,
            -0.8119053244590759,
            -2.2366487979888916
        ],
        [
            -0.9019769430160522,
            0.1880856454372406,
            -0.38866615295410156,
            -1.0707032680511475
        ],
        [
            0.0,
            0.9001398086547852,
            0.43560099601745605,
            1.0
        ],
        [
            0.0,
            0.0,
            0.0,
            1.0
        ]
    ],
    "0066": [
        [
            0.5044972896575928,
            0.37554028630256653,
            -0.7774649858474731,
            -2.1449854373931885
        ],
        [
            -0.8634132742881775,
            0.2194303274154663,
            -0.4542772173881531,
            -1.2533271312713623
        ],
        [
            0.0,
            0.9004553556442261,
            0.4349484443664551,
            1.0
        ],
        [
            0.0,
            0.0,
            0.0,
            1.0
        ]
    ],
    "0067": [
        [
            0.5719064474105835,
            0.3573785424232483,
            -0.7383790016174316,
            -2.0338308811187744
        ],
        [
            -0.8203189373016357,
            0.2491556704044342,
            -0.5147799253463745,
            -1.4179376363754272
        ],
        [
            1.4901161193847656e-08,
            0.9001122117042542,
            0.4356580674648285,
            1.0
        ],
        [
            0.0,
            0.0,
            0.0,
            1.0
        ]
    ],
    "0068": [
        [
            0.6337445378303528,
            0.3368794620037079,
            -0.6963332295417786,
            -1.9187043905258179
        ],
        [
            -0.7735425233840942,
            0.275997132062912,
            -0.5704888701438904,
            -1.5719478130340576
        ],
        [
            -1.4901162970204496e-08,
            0.900187611579895,
            0.43550217151641846,
            1.0
        ],
        [
            0.0,
            0.0,
            0.0,
            1.0
        ]
    ],
    "0069": [
        [
            0.6900449395179749,
            0.3151600956916809,
            -0.6515458822250366,
            -1.7955338954925537
        ],
        [
            -0.723766565322876,
            0.30047619342803955,
            -0.6211891174316406,
            -1.711876630783081
        ],
        [
            0.0,
            0.9002155661582947,
            0.43544435501098633,
            1.0
        ],
        [
            0.0,
            0.0,
            0.0,
            1.0
        ]
    ],
    "0070": [
        [
            0.7406107783317566,
            0.292750746011734,
            -0.60480797290802,
            -1.6658179759979248
        ],
        [
            -0.6719343662261963,
            0.32267194986343384,
            -0.666623592376709,
            -1.8360763788223267
        ],
        [
            1.4901162970204496e-08,
            0.9000997543334961,
            0.43568360805511475,
            1.0
        ],
        [
            0.0,
            0.0,
            0.0,
            1.0
        ]
    ],
    "0071": [
        [
            0.7856642603874207,
            0.26923415064811707,
            -0.5569960474967957,
            -1.5358556509017944
        ],
        [
            -0.6186531782150269,
            0.34191638231277466,
            -0.7073622345924377,
            -1.9504740238189697
        ],
        [
            0.0,
            0.9003366231918335,
            0.43519407510757446,
            1.0
        ],
        [
            0.0,
            0.0,
            0.0,
            1.0
        ]
    ],
    "0072": [
        [
            0.8252545595169067,
            0.2460605502128601,
            -0.508339524269104,
            -1.400095820426941
        ],
        [
            -0.5647609233856201,
            0.3595549464225769,
            -0.742808997631073,
            -2.045884132385254
        ],
        [
            1.4901161193847656e-08,
            0.9000967741012573,
            0.4356898069381714,
            1.0
        ],
        [
            0.0,
            0.0,
            0.0,
            1.0
        ]
    ],
    "0073": [
        [
            0.8596813678741455,
            0.22226400673389435,
            -0.459942102432251,
            -1.2685054540634155
        ],
        [
            -0.510830819606781,
            0.3740499019622803,
            -0.7740403413772583,
            -2.1347782611846924
        ],
        [
            0.0,
            0.9003806114196777,
            0.43510299921035767,
            1.0
        ],
        [
            0.0,
            0.0,
            0.0,
            1.0
        ]
    ],
    "0074": [
        [
            0.8891711831092834,
            0.19934004545211792,
