{
    "camera_angle_x": 1.0830044198612696,
    "camera_angle_y": 0.8475450664908479,
    "frames": [
        {
            "file_path": "end/train/rgba/0000.png",
            "time": 1.0,
            "transform_matrix": [
                [
                    0.5992274880409241,
                    -0.2618352770805359,
                    0.7565506100654602,
                    2.0838630199432373
                ],
                [
                    0.004920450504869223,
                    0.946191132068634,
                    0.3235708773136139,
                    0.7769440412521362
                ],
                [
                    -0.800563633441925,
                    -0.19016997516155243,
                    0.568272054195404,
                    2.2106826305389404
                ],
                [
                    0.0,
                    0.0,
                    0.0,
                    1.0000001192092896
                ]
            ]
        },
        {
            "file_path": "end/train/rgba/0001.png",
            "time": 1.0,
            "transform_matrix": [
                [
                    0.6033937335014343,
                    -0.27076834440231323,
                    0.750066876411438,
                    2.0561094284057617
                ],
                [
                    0.0012753937626257539,
                    0.940916121006012,
                    0.33863741159439087,
                    0.7659063339233398
                ],
                [
                    -0.7974423766136169,
                    -0.20337505638599396,
                    0.568088173866272,
                    2.210115432739258
                ],
                [
                    0.0,
                    0.0,
                    0.0,
                    1.0
                ]
            ]
        },
        {
            "file_path": "end/train/rgba/0002.png",
            "time": 1.0,
            "transform_matrix": [
                [
                    0.6363204717636108,
                    -0.2525395452976227,
                    0.7289168834686279,
                    1.981210708618164
                ],
                [
                    -0.003895108588039875,
                    0.9438331127166748,
                    0.33039945363998413,
                    0.7596386075019836
                ],
                [
                    -0.7714148759841919,
                    -0.21307913959026337,
                    0.5995966792106628,
                    2.23514723777771
                ],
                [
                    0.0,
                    0.0,
                    0.0,
                    0.9999999403953552
                ]
            ]
        },
        {
            "file_path": "end/train/rgba/0003.png",
            "time": 1.0,
            "transform_matrix": [
                [
                    0.6875488758087158,
                    -0.2188001424074173,
                    0.6923892498016357,
                    1.903111457824707
                ],
                [
                    -0.02406027726829052,
                    0.9461348056793213,
                    0.3228776156902313,
                    0.7416821122169495
                ],
                [
                    -0.7257393002510071,
                    -0.23865322768688202,
                    0.645249605178833,
                    2.286418914794922
                ],
                [
                    0.0,
                    0.0,
                    0.0,
                    0.9999999403953552
                ]
            ]
        },
        {
            "file_path": "end/train/rgba/0004.png",
            "time": 1.0,
            "transform_matrix": [
                [
                    0.7111806273460388,
                    -0.21531718969345093,
                    0.6692239046096802,
                    1.8443714380264282
                ],
                [
                    -0.01963604800403118,
                    0.9454862475395203,
                    0.325069397687912,
                    0.7363137006759644
                ],
                [
                    -0.7027350068092346,
                    -0.2443239688873291,
                    0.6681835651397705,
                    2.321355104446411
                ],
                [
                    0.0,
                    0.0,
                    0.0,
                    1.0
                ]
            ]
        },
        {
            "file_path": "end/train/rgba/0005.png",
            "time": 1.0,
            "transform_matrix": [
                [
                    0.709276020526886,
                    -0.2281455546617508,
                    0.6669910550117493,
                    1.823703646659851
                ],
                [
                    0.0036562583409249783,
                    0.9473572969436646,
                    0.3201572895050049,
                    0.7213271856307983
                ],
                [
                    -0.704921305179596,
                    -0.22464121878147125,
                    0.6727720499038696,
                    2.3271772861480713
                ],
                [
                    0.0,
                    0.0,
                    0.0,
                    1.0
                ]
            ]
        },
        {
            "file_path": "end/train/rgba/0006.png",
            "time": 1.0,
            "transform_matrix": [
                [
                    0.7462882399559021,
                    -0.18941445648670197,
                    0.6381034255027771,
                    1.7319667339324951
                ],
                [
                    -0.03271843120455742,
                    0.9470583200454712,
                    0.31939008831977844,
                    0.7187529802322388
                ],
                [
                    -0.664818286895752,
                    -0.25923484563827515,
                    0.7005811333656311,
                    2.363661050796509
                ],
                [
                    0.0,
                    0.0,
                    0.0,
                    1.0000001192092896
                ]
            ]
        },
        {
            "file_path": "end/train/rgba/0007.png",
            "time": 1.0,
            "transform_matrix": [
                [
                    0.7858017086982727,
                    -0.15780974924564362,
                    0.5980064272880554,
                    1.652616262435913
                ],
                [
                    -0.04469083994626999,
                    0.9498834609985352,
                    0.3093929886817932,
                    0.7185542583465576
                ],
                [
                    -0.6168617010116577,
                    -0.26984697580337524,
                    0.7393673658370972,
                    2.4052109718322754
                ],
                [
                    0.0,
                    0.0,
                    0.0,
                    1.0
                ]
            ]
        },
        {
            "file_path": "end/train/rgba/0008.png",
            "time": 1.0,
            "transform_matrix": [
                [
                    0.7834839224815369,
                    -0.17424020171165466,
                    0.5964840054512024,
                    1.629395604133606
                ],
                [
                    -0.02226986736059189,
                    0.9513953328132629,
                    0.3071656823158264,
                    0.7054850459098816
                ],
                [
                    -0.6210127472877502,
                    -0.2539430260658264,
                    0.7415227293968201,
                    2.4161274433135986
                ],
                [
                    0.0,
                    0.0,
                    0.0,
                    0.9999999403953552
                ]
            ]
        },
        {
            "file_path": "end/train/rgba/0009.png",
            "time": 1.0,
            "transform_matrix": [
                [
                    0.8113767504692078,
                    -0.1539170742034912,
                    0.5638946890830994,
                    1.5810420513153076
                ],
                [
                    -0.0346904993057251,
                    0.9503280520439148,
                    0.3093108534812927,
                    0.7043623924255371
                ],
                [
                    -0.583493173122406,
                    -0.27052944898605347,
                    0.7657346129417419,
                    2.438943862915039
                ],
                [
                    0.0,
                    0.0,
                    0.0,
                    1.0
                ]
            ]
        },
        {
            "file_path": "end/train/rgba/0010.png",
            "time": 1.0,
            "transform_matrix": [
                [
                    0.834764301776886,
                    -0.13411077857017517,
                    0.5340251326560974,
                    1.5226081609725952
                ],
                [
                    -0.050520218908786774,
                    0.9471368193626404,
                    0.31682729721069336,
                    0.6972757577896118
                ],
                [
                    -0.5482847690582275,
                    -0.2914551794528961,
                    0.7838606238365173,
                    2.4855692386627197
                ],
                [
                    0.0,
                    0.0,
                    0.0,
                    1.0
                ]
            ]
        },
        {
            "file_path": "end/train/rgba/0011.png",
            "time": 1.0,
            "transform_matrix": [
                [
                    0.8258553743362427,
                    -0.15255174040794373,
                    0.5428542494773865,
                    1.5133540630340576
                ],
                [
                    -0.03144215792417526,
                    0.9487531185150146,
                    0.31445014476776123,
                    0.6882617473602295
                ],
                [
                    -0.5630046129226685,
                    -0.2767588496208191,
                    0.7787362933158875,
                    2.5119452476501465
                ],
                [
                    0.0,
                    0.0,
                    0.0,
                    1.0000001192092896
                ]
            ]
        },
        {
            "file_path": "end/train/rgba/0012.png",
            "time": 1.0,
            "transform_matrix": [
                [
                    0.8423222899436951,
                    -0.1511935144662857,
                    0.5173331499099731,
                    1.4679811000823975
                ],
                [
                    -0.020600810647010803,
                    0.9501149654388428,
                    0.3112187087535858,
                    0.6797201633453369
                ],
                [
                    -0.5385801792144775,
                    -0.2728039026260376,
                    0.7971883416175842,
                    2.5376577377319336
                ],
                [
                    0.0,
                    0.0,
                    0.0,
                    1.0
                ]
            ]
        },
        {
            "file_path": "end/train/rgba/0013.png",
            "time": 1.0,
            "transform_matrix": [
                [
                    0.8624193072319031,
                    -0.1161348894238472,
                    0.49269211292266846,
                    1.381119966506958
                ],
                [
                    -0.055670689791440964,
                    0.9456607699394226,
                    0.32035356760025024,
                    0.6703132390975952
                ],
                [
                    -0.503123939037323,
                    -0.3037075996398926,
                    0.809090793132782,
                    2.5906057357788086
                ],
                [
                    0.0,
                    0.0,
                    0.0,
                    1.0
                ]
            ]
        },
        {
            "file_path": "end/train/rgba/0014.png",
            "time": 1.0,
            "transform_matrix": [
                [
                    0.8665363788604736,
                    -0.11875229328870773,
                    0.4847807288169861,
                    1.3456182479858398
                ],
                [
                    -0.050963472574949265,
                    0.9451547861099243,
                    0.322622150182724,
                    0.6694374680519104
                ],
                [
                    -0.4965049922466278,
                    -0.3042699694633484,
                    0.8129590749740601,
                    2.6150646209716797
                ],
                [
                    0.0,
                    0.0,
                    0.0,
                    0.9999999403953552
                ]
            ]
        },
        {
            "file_path": "end/train/rgba/0015.png",
            "time": 1.0,
            "transform_matrix": [
                [
                    0.8660297393798828,
                    -0.13953647017478943,
                    0.4801270067691803,
                    1.3304061889648438
                ],
                [
                    -0.025127455592155457,
                    0.9469090104103088,
                    0.32051822543144226,
                    0.6639912128448486
                ],
                [
                    -0.499360591173172,
                    -0.28964269161224365,
                    0.8165452480316162,
                    2.6278045177459717
                ],
                [
                    0.0,
                    0.0,
                    0.0,
                    1.0
                ]
            ]
        },
        {
            "file_path": "end/train/rgba/0016.png",
            "time": 1.0,
            "transform_matrix": [
                [
                    0.8949795365333557,
                    -0.10091223567724228,
                    0.43454357981681824,
                    1.2374045848846436
                ],
                [
                    -0.04721850901842117,
                    0.9471790194511414,
                    0.31720995903015137,
                    0.6604986190795898
                ],
                [
                    -0.44360098242759705,
                    -0.30441492795944214,
                    0.8429410457611084,
                    2.6593668460845947
                ],
                [
                    0.0,
                    0.0,
                    0.0,
                    0.9999998807907104
                ]
            ]
        },
        {
            "file_path": "end/train/rgba/0017.png",
            "time": 1.0,
            "transform_matrix": [
                [
                    0.9003962278366089,
                    -0.09520940482616425,
                    0.4245251417160034,
                    1.1696697473526
                ],
                [
                    -0.04621366038918495,
                    0.9493113160133362,
                    0.31092143058776855,
                    0.6601218581199646
                ],
                [
                    -0.43260928988456726,
                    -0.29957136511802673,
                    0.85035640001297,
                    2.6871659755706787
                ],
                [
                    0.0,
                    0.0,
                    0.0,
                    0.9999999403953552
                ]
            ]
        },
        {
            "file_path": "end/train/rgba/0018.png",
            "time": 1.0,
            "transform_matrix": [
                [
                    0.9006597995758057,
                    -0.11496622115373611,
                    0.4190400540828705,
                    1.1658912897109985
                ],
                [
                    -0.02119227685034275,
                    0.951594352722168,
                    0.3066251575946808,
                    0.6522029638290405
                ],
                [
                    -0.4340076744556427,
                    -0.2850453853607178,
                    0.8546264171600342,
                    2.691546678543091
                ],
                [
                    0.0,
                    0.0,
                    0.0,
                    1.0
                ]
            ]
        },
        {
            "file_path": "end/train/rgba/0019.png",
            "time": 1.0,
            "transform_matrix": [
                [
                    0.9029914736747742,
                    -0.10665453225374222,
                    0.4162105321884155,
                    1.1301848888397217
                ],
                [
                    -0.02135293558239937,
                    0.9563641548156738,
                    0.29139599204063416,
                    0.5827722549438477
                ],
                [
                    -0.4291275143623352,
                    -0.27201539278030396,
                    0.8613111972808838,
                    2.762352466583252
                ],
                [
                    0.0,
                    0.0,
                    0.0,
                    1.0
                ]
            ]
        },
        {
            "file_path": "end/train/rgba/0020.png",
            "time": 1.0,
            "transform_matrix": [
                [
                    0.9117347598075867,
                    -0.10898582637310028,
                    0.39605751633644104,
                    1.1099309921264648
                ],
                [
                    -0.004123644903302193,
                    0.9616848826408386,
                    0.2741261124610901,
                    0.5232948064804077
                ],
                [
                    -0.4107584059238434,
                    -0.25156351923942566,
                    0.8763521909713745,
                    2.8488781452178955
                ],
                [
                    0.0,
                    0.0,
                    0.0,
                    0.9999998807907104
                ]
            ]
        },
        {
            "file_path": "end/train/rgba/0021.png",
            "time": 1.0,
            "transform_matrix": [
                [
                    0.9138936996459961,
                    -0.10160937160253525,
                    0.3930315375328064,
                    1.1247062683105469
                ],
                [
                    -0.01350454706698656,
                    0.9600235223770142,
                    0.2795935869216919,
                    0.4712563753128052
                ],
                [
                    -0.40572887659072876,
                    -0.2608265280723572,
                    0.87598717212677,
                    2.897831439971924
                ],
                [
                    0.0,
                    0.0,
                    0.0,
                    1.0
                ]
            ]
        },
        {
            "file_path": "end/train/rgba/0022.png",
            "time": 1.0,
            "transform_matrix": [
                [
                    0.8624503016471863,
                    -0.15910618007183075,
                    0.4804835915565491,
                    1.2517629861831665
                ],
                [
                    0.019787151366472244,
                    0.9591799378395081,
                    0.2821033000946045,
                    0.4521638751029968
                ],
                [
                    -0.5057545900344849,
                    -0.23379270732402802,
                    0.830393373966217,
                    2.884462356567383
                ],
                [
                    0.0,
                    0.0,
                    0.0,
                    0.9999999403953552
                ]
            ]
        },
        {
            "file_path": "end/train/rgba/0023.png",
            "time": 1.0,
            "transform_matrix": [
                [
                    0.8788058757781982,
                    -0.13818983733654022,
                    0.4567317068576813,
                    1.3014427423477173
                ],
                [
                    -0.004578456748276949,
                    0.9546626210212708,
                    0.29765450954437256,
                    0.44480884075164795
                ],
                [
                    -0.47715750336647034,
                    -0.2636716663837433,
                    0.8383303880691528,
                    2.858973741531372
                ],
                [
                    0.0,
                    0.0,
                    0.0,
                    1.0
                ]
            ]
        },
        {
            "file_path": "end/train/rgba/0024.png",
            "time": 1.0,
            "transform_matrix": [
                [
                    0.8538772463798523,
                    -0.11668337136507034,
                    0.5072263479232788,
                    1.3925034999847412
                ],
                [
                    -0.04083561897277832,
                    0.9565228819847107,
                    0.2887841463088989,
                    0.4323415756225586
                ],
                [
                    -0.5188698768615723,
                    -0.2672991156578064,
                    0.811988353729248,
                    2.826655864715576
                ],
                [
                    0.0,
                    0.0,
                    0.0,
                    1.0
                ]
            ]
        },
        {
            "file_path": "end/train/rgba/0025.png",
            "time": 1.0,
            "transform_matrix": [
                [
                    0.7870188355445862,
                    -0.1797853261232376,
                    0.5901511907577515,
                    1.5288262367248535
                ],
                [
                    -0.0016618669033050537,
                    0.9559739232063293,
                    0.2934468388557434,
                    0.4453318119049072
                ],
                [
                    -0.6169265508651733,
                    -0.2319289594888687,
                    0.7520707845687866,
                    2.784027576446533
                ],
                [
                    0.0,
                    0.0,
                    0.0,
                    1.0
                ]
            ]
        },
        {
            "file_path": "end/train/rgba/0026.png",
            "time": 1.0,
            "transform_matrix": [
                [
                    0.8208318948745728,
                    -0.13832852244377136,
                    0.5541660785675049,
                    1.5607173442840576
                ],
                [
                    -0.030111344531178474,
                    0.9584008455276489,
                    0.2838327884674072,
                    0.4503468871116638
                ],
                [
                    -0.570375382900238,
                    -0.24966569244861603,
                    0.7825207710266113,
                    2.7550876140594482
                ],
                [
                    0.0,
                    0.0,
                    0.0,
                    0.9999999403953552
                ]
            ]
        },
        {
            "file_path": "end/train/rgba/0027.png",
            "time": 1.0,
            "transform_matrix": [
                [
                    0.7822147607803345,
                    -0.135677307844162,
                    0.6080556511878967,
                    1.6475831270217896
                ],
                [
                    -0.04068800061941147,
                    0.9627894163131714,
                    0.2671720087528229,
                    0.4426991939544678
                ],
                [
                    -0.6216786503791809,
                    -0.23372645676136017,
                    0.7475876808166504,
                    2.703789710998535
                ],
                [
                    0.0,
                    0.0,
                    0.0,
                    1.0
                ]
            ]
        },
        {
            "file_path": "end/train/rgba/0028.png",
            "time": 1.0,
            "transform_matrix": [
                [
                    0.7223032712936401,
                    -0.18781906366348267,
                    0.6655839085578918,
                    1.7746211290359497
                ],
                [
                    -0.0048372638411819935,
                    0.9610199332237244,
                    0.27643677592277527,
                    0.45227301120758057
                ],
                [
                    -0.6915594935417175,
                    -0.2028907835483551,
                    0.6932392716407776,
                    2.621429681777954
                ],
                [
                    0.0,
                    0.0,
                    0.0,
                    1.0
                ]
            ]
        },
        {
            "file_path": "end/train/rgba/0029.png",
            "time": 1.0,
            "transform_matrix": [
                [
                    0.7323442101478577,
                    -0.15801863372325897,
                    0.6623459458351135,
                    1.7921870946884155
                ],
                [
                    -0.023422447964549065,
                    0.9662798047065735,
                    0.25642719864845276,
                    0.46030840277671814
                ],
                [
                    -0.6805316805839539,
                    -0.20330673456192017,
                    0.7039482593536377,
                    2.595327854156494
                ],
                [
                    0.0,
                    0.0,
                    0.0,
                    1.0000001192092896
                ]
            ]
        },
        {
            "file_path": "end/train/rgba/0030.png",
            "time": 1.0,
            "transform_matrix": [
                [
                    0.6845279335975647,
                    -0.14882422983646393,
                    0.7136335372924805,
                    1.8189949989318848
                ],
                [
                    -0.03648790717124939,
                    0.9707173109054565,
                    0.23743732273578644,
                    0.4580655097961426
                ],
                [
                    -0.7280728220939636,
                    -0.188571497797966,
                    0.659052848815918,
                    2.560828924179077
                ],
                [
                    0.0,
                    0.0,
                    0.0,
                    1.0
                ]
            ]
        },
        {
            "file_path": "end/train/rgba/0031.png",
            "time": 1.0,
            "transform_matrix": [
                [
                    0.6392558813095093,
                    -0.16819031536579132,
                    0.7503757476806641,
                    1.9082534313201904
                ],
                [
                    -0.02470473386347294,
                    0.9707934260368347,
                    0.2386413812637329,
                    0.46052414178848267
                ],
                [
                    -0.7685970067977905,
                    -0.171090766787529,
                    0.6164303421974182,
                    2.4791581630706787
                ],
                [
                    0.0,
                    0.0,
                    0.0,
                    0.9999999403953552
                ]
            ]
        },
        {
            "file_path": "end/train/rgba/0032.png",
            "time": 1.0,
            "transform_matrix": [
                [
                    0.6144160628318787,
                    -0.16864417493343353,
                    0.770747721195221,
                    1.9682226181030273
                ],
                [
                    -0.03549664467573166,
                    0.9699907898902893,
                    0.24053652584552765,
                    0.46664613485336304
                ],
                [
                    -0.7881832122802734,
                    -0.17514845728874207,
                    0.5899915099143982,
                    2.4125852584838867
                ],
                [
                    0.0,
                    0.0,
                    0.0,
                    0.9999999403953552
                ]
            ]
        },
        {
            "file_path": "end/train/rgba/0033.png",
            "time": 1.0,
            "transform_matrix": [
                [
                    0.6219943165779114,
                    -0.1585061252117157,
                    0.7668108344078064,
                    1.9845173358917236
                ],
                [
                    -0.03949173167347908,
                    0.9717003703117371,
                    0.2328920215368271,
                    0.4786715507507324
                ],
                [
                    -0.7820252180099487,
                    -0.17514020204544067,
                    0.5981324911117554,
                    2.391615867614746
                ],
                [
                    0.0,
                    0.0,
                    0.0,
                    1.0
                ]
            ]
        },
        {
            "file_path": "end/train/rgba/0034.png",
            "time": 1.0,
            "transform_matrix": [
                [
                    0.6334434747695923,
                    -0.15369254350662231,
                    0.7583719491958618,
                    2.005897045135498
                ],
                [
                    -0.04504862055182457,
                    0.971088707447052,
                    0.23442961275577545,
                    0.47826242446899414
                ],
                [
                    -0.7724765539169312,
                    -0.1826615035533905,
                    0.6082061529159546,
                    2.37324857711792
                ],
                [
                    0.0,
                    0.0,
                    0.0,
                    1.0
                ]
            ]
        },
        {
            "file_path": "end/train/rgba/0035.png",
            "time": 1.0,
            "transform_matrix": [
                [
                    0.574518084526062,
                    -0.19324365258216858,
                    0.7953525185585022,
                    2.1064505577087402
                ],
                [
                    -0.036469630897045135,
                    0.9647204279899597,
                    0.26073795557022095,
                    0.4876191020011902
                ],
                [
                    -0.8176788687705994,
                    -0.1788048893213272,
                    0.5472018718719482,
                    2.283834218978882
                ],
                [
                    0.0,
                    0.0,
                    0.0,
                    0.9999999403953552
                ]
            ]
        },
        {
            "file_path": "end/train/rgba/0036.png",
            "time": 1.0,
            "transform_matrix": [
                [
                    0.539810836315155,
                    -0.205941304564476,
                    0.816206157207489,
                    2.1683285236358643
                ],
                [
                    -0.026459792628884315,
                    0.9649817943572998,
                    0.2609792649745941,
                    0.49284374713897705
                ],
                [
                    -0.8413704633712769,
                    -0.1624760627746582,
                    0.515458345413208,
                    2.2347278594970703
                ],
                [
                    0.0,
                    0.0,
                    0.0,
                    1.0
                ]
            ]
        },
        {
            "file_path": "end/train/rgba/0037.png",
            "time": 1.0,
            "transform_matrix": [
                [
                    0.509040117263794,
                    -0.21036478877067566,
                    0.834640383720398,
                    2.2282333374023438
                ],
                [
                    -0.013053213246166706,
                    0.9676764011383057,
                    0.25185659527778625,
                    0.5005260705947876
                ],
                [
                    -0.8606436252593994,
                    -0.1390998512506485,
                    0.48984020948410034,
                    2.192103624343872
                ],
                [
                    0.0,
                    0.0,
                    0.0,
                    0.9999998807907104
                ]
            ]
        },
        {
            "file_path": "end/train/rgba/0038.png",
            "time": 1.0,
            "transform_matrix": [
                [
                    0.5170606374740601,
                    -0.24927765130996704,
                    0.8188460469245911,
                    2.253274440765381
                ],
                [
                    0.014759672805666924,
                    0.959107518196106,
                    0.28265681862831116,
                    0.539101243019104
                ],
                [
                    -0.8558214902877808,
                    -0.13406479358673096,
                    0.49959596991539,
                    2.165159225463867
                ],
                [
                    0.0,
                    0.0,
                    0.0,
                    1.0
                ]
            ]
        },
        {
            "file_path": "end/train/rgba/0039.png",
            "time": 1.0,
            "transform_matrix": [
                [
                    0.5423417091369629,
                    -0.30303066968917847,
                    0.7836056351661682,
                    2.2321486473083496
                ],
                [
                    0.03331948071718216,
                    0.9397123456001282,
                    0.34033849835395813,
                    0.5832024812698364
                ],
                [
                    -0.839496910572052,
                    -0.15847042202949524,
                    0.5197421312332153,
                    2.1693267822265625
                ],
                [
                    0.0,
                    0.0,
                    0.0,
                    1.0
                ]
            ]
        },
        {
            "file_path": "end/train/rgba/0040.png",
            "time": 1.0,
            "transform_matrix": [
                [
                    0.5565836429595947,
                    -0.30561113357543945,
                    0.7725388407707214,
                    2.2009201049804688
                ],
                [
                    0.039703890681266785,
                    0.9386051893234253,
                    0.3427008092403412,
                    0.6353871822357178
                ],
                [
                    -0.829842209815979,
                    -0.16006886959075928,
                    0.5345461964607239,
                    2.192371368408203
                ],
                [
                    0.0,
                    0.0,
                    0.0,
                    1.0
                ]
            ]
        },
        {
            "file_path": "end/train/rgba/0041.png",
            "time": 1.0,
            "transform_matrix": [
                [
                    0.5912238955497742,
                    -0.32018184661865234,
                    0.7402282357215881,
                    2.159130334854126
                ],
                [
                    0.04508858174085617,
                    0.9295060038566589,
                    0.36604043841362,
                    0.6750960946083069
                ],
                [
                    -0.8052459955215454,
                    -0.18303602933883667,
                    0.5639826655387878,
                    2.213195323944092
                ],
                [
                    0.0,
                    0.0,
                    0.0,
                    0.9999999403953552
                ]
            ]
        },
        {
            "file_path": "end/train/rgba/0042.png",
            "time": 1.0,
            "transform_matrix": [
                [
                    0.6064212918281555,
                    -0.29689812660217285,
                    0.7376344203948975,
                    2.098986864089966
                ],
                [
                    0.009860814549028873,
                    0.9304113984107971,
                    0.36638423800468445,
                    0.7087486386299133
                ],
                [
                    -0.7950822710990906,
                    -0.21490955352783203,
                    0.5671489238739014,
                    2.24783992767334
                ],
                [
                    0.0,
                    0.0,
                    0.0,
                    0.9999999403953552
                ]
            ]
        },
        {
            "file_path": "end/train/rgba/0043.png",
            "time": 1.0,
            "transform_matrix": [
                [
                    0.6761767864227295,
                    -0.2406827211380005,
                    0.6963165402412415,
                    1.9742863178253174
                ],
                [
                    -0.02193618193268776,
                    0.938136637210846,
                    0.3455698788166046,
                    0.7209373712539673
                ],
                [
                    -0.7364127039909363,
                    -0.2489408403635025,
                    0.629066526889801,
                    2.3170742988586426
                ],
                [
                    0.0,
                    0.0,
                    0.0,
                    1.0
                ]
            ]
        },
        {
            "file_path": "end/train/rgba/0044.png",
            "time": 1.0,
            "transform_matrix": [
                [
                    0.6966782808303833,
                    -0.22787901759147644,
                    0.6802282333374023,
                    1.873272180557251
                ],
                [
                    -0.03985664248466492,
                    0.9344473481178284,
                    0.35386380553245544,
                    0.7087500095367432
                ],
                [
                    -0.716275691986084,
                    -0.27364084124565125,
                    0.641926646232605,
                    2.3640971183776855
                ],
                [
                    0.0,
                    0.0,
                    0.0,
                    1.0
                ]
            ]
        },
        {
            "file_path": "end/train/rgba/0045.png",
            "time": 1.0,
            "transform_matrix": [
                [
                    0.6844962239265442,
                    -0.2156115174293518,
                    0.696402370929718,
