{
    "camera_angle_x": 1.0830044198612696,
    "camera_angle_y": 0.8475450664908479,
    "frames": [
        {
            "file_path": "start/train/rgba/0000.png",
            "time": 0.0,
            "transform_matrix": [
                [
                    0.9751787185668945,
                    0.0820598229765892,
                    -0.20565147697925568,
                    -0.14681792259216309
                ],
                [
                    -0.016745921224355698,
                    0.9534623026847839,
                    0.3010466694831848,
                    0.4882344901561737
                ],
                [
                    0.22078478336334229,
                    -0.29013049602508545,
                    0.9311702847480774,
                    2.7682626247406006
                ],
                [
                    0.0,
                    0.0,
                    0.0,
                    1.0000001192092896
                ]
            ]
        },
        {
            "file_path": "start/train/rgba/0001.png",
            "time": 0.0,
            "transform_matrix": [
                [
                    0.9767173528671265,
                    0.07884499430656433,
                    -0.19951562583446503,
                    -0.14732448756694794
                ],
                [
                    -0.015474009327590466,
                    0.9534835815429688,
                    0.3010474145412445,
                    0.4885792136192322
                ],
                [
                    0.21397097408771515,
                    -0.2909509241580963,
                    0.9325040578842163,
                    2.7692151069641113
                ],
                [
                    0.0,
                    0.0,
                    0.0,
                    0.9999999403953552
                ]
            ]
        },
        {
            "file_path": "start/train/rgba/0002.png",
            "time": 0.0,
            "transform_matrix": [
                [
                    0.9779983758926392,
                    0.0758403018116951,
                    -0.19433829188346863,
                    -0.1470608115196228
                ],
                [
                    -0.01462749857455492,
                    0.9542135000228882,
                    0.2987685203552246,
                    0.48906874656677246
                ],
                [
                    0.20809896290302277,
                    -0.2893524169921875,
                    0.9343286156654358,
                    2.7725613117218018
                ],
                [
                    0.0,
                    0.0,
                    0.0,
                    1.0
                ]
            ]
        },
        {
            "file_path": "start/train/rgba/0003.png",
            "time": 0.0,
            "transform_matrix": [
                [
                    0.9795133471488953,
                    0.07174250483512878,
                    -0.1881657987833023,
                    -0.14987799525260925
                ],
                [
                    -0.012256152927875519,
                    0.9538939595222473,
                    0.2998933494091034,
                    0.48944151401519775
                ],
                [
                    0.20100533962249756,
                    -0.291443407535553,
                    0.9352312684059143,
                    2.773391008377075
                ],
                [
                    0.0,
                    0.0,
                    0.0,
                    1.0
                ]
            ]
        },
        {
            "file_path": "start/train/rgba/0004.png",
            "time": 0.0,
            "transform_matrix": [
                [
                    0.9778431057929993,
                    0.07774882018566132,
                    -0.19436532258987427,
                    -0.1973469853401184
                ],
                [
                    -0.013499507680535316,
                    0.949959397315979,
                    0.3120814561843872,
                    0.4848904609680176
                ],
                [
                    0.20890316367149353,
                    -0.30254286527633667,
                    0.9299608469009399,
                    2.759089708328247
                ],
                [
                    0.0,
                    0.0,
                    0.0,
                    1.0
                ]
            ]
        },
        {
            "file_path": "start/train/rgba/0005.png",
            "time": 0.0,
            "transform_matrix": [
                [
                    0.9806457757949829,
                    0.07726901024580002,
                    -0.1798977255821228,
                    -0.24372553825378418
                ],
                [
                    -0.017129279673099518,
                    0.9491662979125977,
                    0.3143084645271301,
                    0.48083364963531494
                ],
                [
                    0.19503918290138245,
                    -0.305143803358078,
                    0.9321194887161255,
                    2.7323803901672363
                ],
                [
                    0.0,
                    0.0,
                    0.0,
                    1.0
                ]
            ]
        },
        {
            "file_path": "start/train/rgba/0006.png",
            "time": 0.0,
            "transform_matrix": [
                [
                    0.9827456474304199,
                    0.04641592130064964,
                    -0.17904315888881683,
                    -0.2720545530319214
                ],
                [
                    0.009644944220781326,
                    0.9538233280181885,
                    0.3002132177352905,
                    0.47377657890319824
                ],
                [
                    0.18471024930477142,
                    -0.29676008224487305,
                    0.9369180798530579,
                    2.706336736679077
                ],
                [
                    0.0,
                    0.0,
                    0.0,
                    1.0
                ]
            ]
        },
        {
            "file_path": "start/train/rgba/0007.png",
            "time": 0.0,
            "transform_matrix": [
                [
                    0.9671939015388489,
                    0.08086050301790237,
                    -0.24082691967487335,
                    -0.37458768486976624
                ],
                [
                    -0.006229761987924576,
                    0.9552547931671143,
                    0.29571855068206787,
                    0.47643622756004333
                ],
                [
                    0.25396308302879333,
                    -0.2845169007778168,
                    0.9244202375411987,
                    2.6629700660705566
                ],
                [
                    0.0,
                    0.0,
                    0.0,
                    1.0000001192092896
                ]
            ]
        },
        {
            "file_path": "start/train/rgba/0008.png",
            "time": 0.0,
            "transform_matrix": [
                [
                    0.9490488171577454,
                    0.10570558160543442,
                    -0.29687151312828064,
                    -0.4525967538356781
                ],
                [
                    -0.012943302281200886,
                    0.9543434381484985,
                    0.29843080043792725,
                    0.485501229763031
                ],
                [
                    0.31486326456069946,
                    -0.2793828845024109,
                    0.9070867300033569,
                    2.6333155632019043
                ],
                [
                    0.0,
                    0.0,
                    0.0,
                    0.9999999403953552
                ]
            ]
        },
        {
            "file_path": "start/train/rgba/0009.png",
            "time": 0.0,
            "transform_matrix": [
                [
                    0.9485486149787903,
                    0.09608989208936691,
                    -0.30169880390167236,
                    -0.46887946128845215
                ],
                [
                    -0.0007950363797135651,
                    0.9535590410232544,
                    0.30120518803596497,
                    0.47976022958755493
                ],
                [
                    0.31663045287132263,
                    -0.28546786308288574,
                    0.9045735001564026,
                    2.6159727573394775
                ],
                [
                    0.0,
                    0.0,
                    0.0,
                    0.9999999403953552
                ]
            ]
        },
        {
            "file_path": "start/train/rgba/0010.png",
            "time": 0.0,
            "transform_matrix": [
                [
                    0.9206807613372803,
                    0.1350153386592865,
                    -0.3662206828594208,
                    -0.547042191028595
                ],
                [
                    -0.02018960751593113,
                    0.9534841775894165,
                    0.3007661700248718,
                    0.4856177270412445
                ],
                [
                    0.3897936940193176,
                    -0.2695158123970032,
                    0.8805805444717407,
                    2.580906867980957
                ],
                [
                    0.0,
                    0.0,
                    0.0,
                    1.0000001192092896
                ]
            ]
        },
        {
            "file_path": "start/train/rgba/0011.png",
            "time": 0.0,
            "transform_matrix": [
                [
                    0.9014391303062439,
                    0.15396779775619507,
                    -0.4046001434326172,
                    -0.6092302799224854
                ],
                [
                    -0.026113206520676613,
                    0.9522522687911987,
                    0.3041934669017792,
                    0.48854339122772217
                ],
                [
                    0.43211743235588074,
                    -0.2636464834213257,
                    0.8624180555343628,
                    2.550661087036133
                ],
                [
                    0.0,
                    0.0,
                    0.0,
                    1.0
                ]
            ]
        },
        {
            "file_path": "start/train/rgba/0012.png",
            "time": 0.0,
            "transform_matrix": [
                [
                    0.9018873572349548,
                    0.13376915454864502,
                    -0.41073718667030334,
                    -0.6284759640693665
                ],
                [
                    -0.002477564848959446,
                    0.9524298310279846,
                    0.3047477900981903,
                    0.4842667281627655
                ],
                [
                    0.43196427822113037,
                    -0.2738305330276489,
                    0.8593157529830933,
                    2.534890651702881
                ],
                [
                    0.0,
                    0.0,
                    0.0,
                    1.0000001192092896
                ]
            ]
        },
        {
            "file_path": "start/train/rgba/0013.png",
            "time": 0.0,
            "transform_matrix": [
                [
                    0.8821679949760437,
                    0.15309414267539978,
                    -0.4453555941581726,
                    -0.6656139492988586
                ],
                [
                    -0.010930285789072514,
                    0.9520858526229858,
                    0.30563536286354065,
                    0.4838602542877197
                ],
                [
                    0.470807820558548,
                    -0.26475387811660767,
                    0.8415730595588684,
                    2.4965157508850098
                ],
                [
                    0.0,
                    0.0,
                    0.0,
                    1.0
                ]
            ]
        },
        {
            "file_path": "start/train/rgba/0014.png",
            "time": 0.0,
            "transform_matrix": [
                [
                    0.8530236482620239,
                    0.17652921378612518,
                    -0.4911089539527893,
                    -0.7499278783798218
                ],
                [
                    -0.023501496762037277,
                    0.9530915021896362,
                    0.30176842212677,
                    0.48971790075302124
                ],
                [
                    0.5213428139686584,
                    -0.24587373435497284,
                    0.8171582818031311,
                    2.447493076324463
                ],
                [
                    0.0,
                    0.0,
                    0.0,
                    0.9999999403953552
                ]
            ]
        },
        {
            "file_path": "start/train/rgba/0015.png",
            "time": 0.0,
            "transform_matrix": [
                [
                    0.8352610468864441,
                    0.18829457461833954,
                    -0.5166081786155701,
                    -0.781571090221405
                ],
                [
                    -0.027383878827095032,
                    0.9526168704032898,
                    0.3029373288154602,
                    0.4926750063896179
                ],
                [
                    0.5491712093353271,
                    -0.2388850450515747,
                    0.8008400797843933,
                    2.424470901489258
                ],
                [
                    0.0,
                    0.0,
                    0.0,
                    0.9999999403953552
                ]
            ]
        },
        {
            "file_path": "start/train/rgba/0016.png",
            "time": 0.0,
            "transform_matrix": [
                [
                    0.8365380764007568,
                    0.17326003313064575,
                    -0.5197930932044983,
                    -0.7859180569648743
                ],
                [
                    -0.004842526279389858,
                    0.9509865045547485,
                    0.3091942369937897,
                    0.48648035526275635
                ],
                [
                    0.5478872060775757,
                    -0.25613564252853394,
                    0.7963755130767822,
                    2.4059066772460938
                ],
                [
                    0.0,
                    0.0,
                    0.0,
                    1.0
                ]
            ]
        },
        {
            "file_path": "start/train/rgba/0017.png",
            "time": 0.0,
            "transform_matrix": [
                [
                    0.8135294318199158,
                    0.1968041956424713,
                    -0.5472090840339661,
                    -0.8231237530708313
                ],
                [
                    -0.02246229350566864,
                    0.9509245157241821,
                    0.3086063861846924,
                    0.491485595703125
                ],
                [
                    0.5810896158218384,
                    -0.2387687712907791,
                    0.7780258059501648,
                    2.3462109565734863
                ],
                [
                    0.0,
                    0.0,
                    0.0,
                    1.0
                ]
            ]
        },
        {
            "file_path": "start/train/rgba/0018.png",
            "time": 0.0,
            "transform_matrix": [
                [
                    0.7904208898544312,
                    0.21774663031101227,
                    -0.5725566744804382,
                    -0.8193510174751282
                ],
                [
                    -0.03422371298074722,
                    0.9489263296127319,
                    0.3136359751224518,
                    0.49090254306793213
                ],
                [
                    0.6116072535514832,
                    -0.22830942273139954,
                    0.7575032711029053,
                    2.316215753555298
                ],
                [
                    0.0,
                    0.0,
                    0.0,
                    1.0
                ]
            ]
        },
        {
            "file_path": "start/train/rgba/0019.png",
            "time": 0.0,
            "transform_matrix": [
                [
                    0.7862119674682617,
                    0.18921899795532227,
                    -0.5882744789123535,
                    -0.8483078479766846
                ],
                [
                    -0.017653577029705048,
                    0.9584556818008423,
                    0.2846945822238922,
                    0.5190698504447937
                ],
                [
                    0.6177046895027161,
                    -0.21344511210918427,
                    0.7568897008895874,
                    2.2960593700408936
                ],
                [
                    0.0,
                    0.0,
                    0.0,
                    0.9999999403953552
                ]
            ]
        },
        {
            "file_path": "start/train/rgba/0020.png",
            "time": 0.0,
            "transform_matrix": [
                [
                    0.7987959980964661,
                    0.18778498470783234,
                    -0.5715432167053223,
                    -0.8710454106330872
                ],
                [
                    -0.0032846431713551283,
                    0.9513827562332153,
                    0.3079935610294342,
                    0.5216604471206665
                ],
                [
                    0.6015929579734802,
                    -0.24414671957492828,
                    0.7605776190757751,
                    2.2960870265960693
                ],
                [
                    0.0,
                    0.0,
                    0.0,
                    1.0
                ]
            ]
        },
        {
            "file_path": "start/train/rgba/0021.png",
            "time": 0.0,
            "transform_matrix": [
                [
                    0.8201635479927063,
                    0.17930583655834198,
                    -0.5433057546615601,
                    -0.8555747270584106
                ],
                [
                    0.003882277524098754,
                    0.94785475730896,
                    0.31867873668670654,
                    0.5303171873092651
                ],
                [
                    0.572115957736969,
                    -0.2634779214859009,
                    0.7766997814178467,
                    2.3559863567352295
                ],
                [
                    0.0,
                    0.0,
                    0.0,
                    1.0
                ]
            ]
        },
        {
            "file_path": "start/train/rgba/0022.png",
            "time": 0.0,
            "transform_matrix": [
                [
                    0.8386595249176025,
                    0.1821776181459427,
                    -0.5132848024368286,
                    -0.8340945839881897
                ],
                [
                    -0.006171044427901506,
                    0.9455198645591736,
                    0.32550573348999023,
                    0.5844432711601257
                ],
                [
                    0.544620931148529,
                    -0.2698209881782532,
                    0.7940934896469116,
                    2.4200828075408936
                ],
                [
                    0.0,
                    0.0,
                    0.0,
                    0.9999999403953552
                ]
            ]
        },
        {
            "file_path": "start/train/rgba/0023.png",
            "time": 0.0,
            "transform_matrix": [
                [
                    0.8505023717880249,
                    0.17697922885417938,
                    -0.4953019320964813,
                    -0.8144788146018982
                ],
                [
                    -0.015433804132044315,
                    0.9496822357177734,
                    0.3128345012664795,
                    0.6249017715454102
                ],
                [
                    0.5257446765899658,
                    -0.2584221065044403,
                    0.8104383945465088,
                    2.46787166595459
                ],
                [
                    0.0,
                    0.0,
                    0.0,
                    1.0000001192092896
                ]
            ]
        },
        {
            "file_path": "start/train/rgba/0024.png",
            "time": 0.0,
            "transform_matrix": [
                [
                    0.8529555797576904,
                    0.1762118637561798,
                    -0.4913410246372223,
                    -0.8067387938499451
                ],
                [
                    -0.016038794070482254,
                    0.949699342250824,
                    0.3127520680427551,
                    0.6658946871757507
                ],
                [
                    0.5217369198799133,
                    -0.2588830888271332,
                    0.8128775954246521,
                    2.4943504333496094
                ],
                [
                    0.0,
                    0.0,
                    0.0,
                    0.9999999403953552
                ]
            ]
        },
        {
            "file_path": "start/train/rgba/0025.png",
            "time": 0.0,
            "transform_matrix": [
                [
                    0.8649999499320984,
                    0.17609554529190063,
                    -0.46985673904418945,
                    -0.7940434217453003
                ],
                [
                    -0.009521271102130413,
                    0.9419868588447571,
                    0.3355146050453186,
                    0.692925214767456
                ],
                [
                    0.5016815662384033,
                    -0.2857464551925659,
                    0.8164952397346497,
                    2.5270910263061523
                ],
                [
                    0.0,
                    0.0,
                    0.0,
                    1.0
                ]
            ]
        },
        {
            "file_path": "start/train/rgba/0026.png",
            "time": 0.0,
            "transform_matrix": [
                [
                    0.8787341713905334,
                    0.1799648553133011,
                    -0.44208458065986633,
                    -0.7649133205413818
                ],
                [
                    0.007244798354804516,
                    0.9210619926452637,
                    0.3893485963344574,
                    0.7087137699127197
                ],
                [
                    0.4772564172744751,
                    -0.3453367352485657,
                    0.8080647587776184,
                    2.5437099933624268
                ],
                [
                    0.0,
                    0.0,
                    0.0,
                    1.0
                ]
            ]
        },
        {
            "file_path": "start/train/rgba/0027.png",
            "time": 0.0,
            "transform_matrix": [
                [
                    0.8647719621658325,
                    0.19967162609100342,
                    -0.46076077222824097,
                    -0.7554566860198975
                ],
                [
                    0.0013965113321319222,
                    0.9165895581245422,
                    0.3998270034790039,
                    0.7338443398475647
                ],
                [
                    0.5021626353263855,
                    -0.346402645111084,
                    0.7923621535301208,
                    2.523094415664673
                ],
                [
                    0.0,
                    0.0,
                    0.0,
                    0.9999999403953552
                ]
            ]
        },
        {
            "file_path": "start/train/rgba/0028.png",
            "time": 0.0,
            "transform_matrix": [
                [
                    0.8764188885688782,
                    0.1956615149974823,
                    -0.44000735878944397,
                    -0.7422152161598206
                ],
                [
                    -0.01220119558274746,
                    0.9224618673324585,
                    0.385895699262619,
                    0.7432905435562134
                ],
                [
                    0.48139485716819763,
                    -0.33283764123916626,
                    0.8108503222465515,
                    2.5239975452423096
                ],
                [
                    0.0,
                    0.0,
                    0.0,
                    1.0
                ]
            ]
        },
        {
            "file_path": "start/train/rgba/0029.png",
            "time": 0.0,
            "transform_matrix": [
                [
                    0.9067502617835999,
                    0.1404983103275299,
                    -0.397572785615921,
                    -0.6508771777153015
                ],
                [
                    0.02698484994471073,
                    0.9215900301933289,
                    0.38722559809684753,
                    0.7398145198822021
                ],
                [
                    0.42080366611480713,
                    -0.36184537410736084,
                    0.8318606615066528,
                    2.574892282485962
                ],
                [
                    0.0,
                    0.0,
                    0.0,
                    1.0
                ]
            ]
        },
        {
            "file_path": "start/train/rgba/0030.png",
            "time": 0.0,
            "transform_matrix": [
                [
                    0.9384424090385437,
                    0.0906144231557846,
                    -0.33333852887153625,
                    -0.5631982088088989
                ],
                [
                    0.04954737052321434,
                    0.9196933507919312,
                    0.38949841260910034,
                    0.7357873916625977
                ],
                [
                    0.3418634831905365,
                    -0.382037878036499,
                    0.8585895895957947,
                    2.623466730117798
                ],
                [
                    0.0,
                    0.0,
                    0.0,
                    0.9999998807907104
                ]
            ]
        },
        {
            "file_path": "start/train/rgba/0031.png",
            "time": 0.0,
            "transform_matrix": [
                [
                    0.954450786113739,
                    0.08646046370267868,
                    -0.2855663597583771,
                    -0.5023558735847473
                ],
                [
                    0.03333029896020889,
                    0.9202072620391846,
                    0.3900097608566284,
                    0.7390661239624023
                ],
                [
                    0.29650068283081055,
                    -0.38176316022872925,
                    0.8754108548164368,
                    2.6350085735321045
                ],
                [
                    0.0,
                    0.0,
                    0.0,
                    1.0
                ]
            ]
        },
        {
            "file_path": "start/train/rgba/0032.png",
            "time": 0.0,
            "transform_matrix": [
                [
                    0.9453951716423035,
                    0.11528302729129791,
                    -0.3048567473888397,
                    -0.4814320206642151
                ],
                [
                    0.005503395572304726,
                    0.9295756220817566,
                    0.3685901165008545,
                    0.7391247749328613
                ],
                [
                    0.32587963342666626,
                    -0.35014110803604126,
                    0.8781819343566895,
                    2.6218814849853516
                ],
                [
                    0.0,
                    0.0,
                    0.0,
                    0.9999998807907104
                ]
            ]
        },
        {
            "file_path": "start/train/rgba/0033.png",
            "time": 0.0,
            "transform_matrix": [
                [
                    0.9639551043510437,
                    0.09211182594299316,
                    -0.24961134791374207,
                    -0.4222797453403473
                ],
                [
                    0.008951820433139801,
                    0.9264010190963745,
                    0.3764318525791168,
                    0.7302976250648499
                ],
                [
                    0.26591405272483826,
                    -0.36509788036346436,
                    0.8921844959259033,
                    2.632753372192383
                ],
                [
                    0.0,
                    0.0,
                    0.0,
                    0.9999998211860657
                ]
            ]
        },
        {
            "file_path": "start/train/rgba/0034.png",
            "time": 0.0,
            "transform_matrix": [
                [
                    0.9765878915786743,
                    0.05697723478078842,
                    -0.20743553340435028,
                    -0.3180718421936035
                ],
                [
                    0.024361087009310722,
                    0.9287900924682617,
                    0.3698046803474426,
                    0.7297204732894897
                ],
                [
                    0.21373453736305237,
                    -0.36620014905929565,
                    0.9056571125984192,
                    2.67018723487854
                ],
                [
                    0.0,
                    0.0,
                    0.0,
                    0.9999998807907104
                ]
            ]
        },
        {
            "file_path": "start/train/rgba/0035.png",
            "time": 0.0,
            "transform_matrix": [
                [
                    0.9879744052886963,
                    0.04022139683365822,
                    -0.1492943912744522,
                    -0.24305978417396545
                ],
                [
                    0.01973298005759716,
                    0.9248762130737305,
                    0.37975630164146423,
                    0.725094199180603
                ],
                [
                    0.15335313975811005,
                    -0.3781355619430542,
                    0.9129602909088135,
                    2.690335988998413
                ],
                [
                    0.0,
                    0.0,
                    0.0,
                    1.0000001192092896
                ]
            ]
        },
        {
            "file_path": "start/train/rgba/0036.png",
            "time": 0.0,
            "transform_matrix": [
                [
                    0.9890845417976379,
                    0.035772666335105896,
                    -0.14294061064720154,
                    -0.18492527306079865
                ],
                [
                    0.023091990500688553,
                    0.9204643368721008,
                    0.39014384150505066,
                    0.727153480052948
                ],
                [
                    0.14552822709083557,
                    -0.38918599486351013,
                    0.9095909595489502,
                    2.694974184036255
                ],
                [
                    0.0,
                    0.0,
                    0.0,
                    0.9999999403953552
                ]
            ]
        },
        {
            "file_path": "start/train/rgba/0037.png",
            "time": 0.0,
            "transform_matrix": [
                [
                    0.9887018799781799,
                    0.06554081290960312,
                    -0.13480642437934875,
                    -0.17571868002414703
                ],
                [
                    -0.008462972939014435,
                    0.9223151206970215,
                    0.38634607195854187,
                    0.7265536189079285
                ],
                [
                    0.14965544641017914,
                    -0.3808402121067047,
                    0.9124494194984436,
                    2.679863214492798
                ],
                [
                    0.0,
                    0.0,
                    0.0,
                    0.9999999403953552
                ]
            ]
        },
        {
            "file_path": "start/train/rgba/0038.png",
            "time": 0.0,
            "transform_matrix": [
                [
                    0.9947749972343445,
                    0.03475100174546242,
                    -0.09599463641643524,
                    -0.12323953211307526
                ],
                [
                    0.005561465863138437,
                    0.9204412698745728,
                    0.39084142446517944,
                    0.7153583765029907
                ],
                [
                    0.10193955898284912,
                    -0.3893331289291382,
                    0.915438711643219,
                    2.671848773956299
                ],
                [
                    0.0,
                    0.0,
                    0.0,
                    1.0
                ]
            ]
        },
        {
            "file_path": "start/train/rgba/0039.png",
            "time": 0.0,
            "transform_matrix": [
                [
                    0.998904287815094,
                    -0.03243068605661392,
                    -0.03373975679278374,
                    -0.0161602720618248
                ],
                [
                    0.042816173285245895,
                    0.9243499040603638,
                    0.37913593649864197,
                    0.7131173610687256
                ],
                [
                    0.018891720101237297,
                    -0.38016512989997864,
                    0.9247256517410278,
                    2.6948845386505127
                ],
                [
                    0.0,
                    0.0,
                    0.0,
                    1.0
                ]
            ]
        },
        {
            "file_path": "start/train/rgba/0040.png",
            "time": 0.0,
            "transform_matrix": [
                [
                    0.9986341595649719,
                    -0.0474475622177124,
                    0.021875208243727684,
                    0.04552198946475983
                ],
                [
                    0.03553325682878494,
                    0.9237204790115356,
                    0.3814156651496887,
                    0.7170072793960571
                ],
                [
                    -0.03830379247665405,
                    -0.3801174461841583,
                    0.9241447448730469,
                    2.6994690895080566
                ],
                [
                    0.0,
                    0.0,
                    0.0,
                    1.0
                ]
            ]
        },
        {
            "file_path": "start/train/rgba/0041.png",
            "time": 0.0,
            "transform_matrix": [
                [
                    0.9971382021903992,
                    -0.05559268221259117,
                    0.051230546087026596,
                    0.0843023881316185
                ],
                [
                    0.03134864941239357,
                    0.920722484588623,
                    0.3889569044113159,
                    0.7205224633216858
                ],
                [
                    -0.06879226118326187,
                    -0.38623782992362976,
                    0.9198303818702698,
                    2.6938483715057373
                ],
                [
                    0.0,
                    0.0,
                    0.0,
                    0.9999999403953552
                ]
            ]
        },
        {
            "file_path": "start/train/rgba/0042.png",
            "time": 0.0,
            "transform_matrix": [
                [
                    0.9993585348129272,
                    -0.022943418473005295,
                    0.027494851499795914,
                    0.0896666944026947
                ],
                [
                    0.012112420983612537,
                    0.9391106367111206,
                    0.343401163816452,
                    0.6928101778030396
                ],
                [
                    -0.03369949758052826,
                    -0.3428478240966797,
                    0.9387860894203186,
                    2.688516616821289
                ],
                [
                    0.0,
                    0.0,
                    0.0,
                    0.9999998807907104
                ]
            ]
        },
        {
            "file_path": "start/train/rgba/0043.png",
            "time": 0.0,
            "transform_matrix": [
                [
                    0.9999966621398926,
                    -0.0025331159122288227,
                    -0.0003052988031413406,
                    0.0866687148809433
                ],
                [
                    0.0024891968350857496,
                    0.942314624786377,
                    0.33471912145614624,
                    0.6292868852615356
                ],
                [
                    -0.0005601486191153526,
                    -0.3347187638282776,
                    0.94231778383255,
                    2.703862428665161
                ],
                [
                    0.0,
                    0.0,
                    0.0,
                    1.0
                ]
            ]
        },
        {
            "file_path": "start/train/rgba/0044.png",
            "time": 0.0,
            "transform_matrix": [
                [
                    0.9996328353881836,
                    -0.013744779862463474,
                    -0.023349907249212265,
                    0.08208651840686798
                ],
                [
                    0.020655961707234383,
                    0.9442959427833557,
                    0.3284485936164856,
                    0.5800198316574097
                ],
                [
                    0.01753479614853859,
                    -0.32881033420562744,
                    0.9442331790924072,
                    2.7213327884674072
                ],
                [
                    0.0,
                    0.0,
                    0.0,
                    1.0
                ]
            ]
        },
