{
    "camera_angle_x": 1.0827543599930542,
    "camera_angle_y": 0.8473328629281199,
    "frames": [
        {
            "file_path": "start/train/rgba/0000.png",
            "time": 0.0,
            "transform_matrix": [
                [
                    0.8352039456367493,
                    0.1387505829334259,
                    -0.5321491360664368,
                    -1.5690233707427979
                ],
                [
                    -0.0006142763886600733,
                    0.9678835272789001,
                    0.2513982355594635,
                    0.35886478424072266
                ],
                [
                    0.5499399304389954,
                    -0.2096419483423233,
                    0.8084654808044434,
                    1.425407886505127
                ],
                [
                    0.0,
                    0.0,
                    0.0,
                    1.0
                ]
            ]
        },
        {
            "file_path": "start/train/rgba/0001.png",
            "time": 0.0,
            "transform_matrix": [
                [
                    0.8335173726081848,
                    0.1382737159729004,
                    -0.534910261631012,
                    -1.5632812976837158
                ],
                [
                    0.0015624264487996697,
                    0.967581570148468,
                    0.25255340337753296,
                    0.3591882288455963
                ],
                [
                    0.5524908900260925,
                    -0.2113434374332428,
                    0.8062801361083984,
                    1.426949143409729
                ],
                [
                    0.0,
                    0.0,
                    0.0,
                    0.9999998807907104
                ]
            ]
        },
        {
            "file_path": "start/train/rgba/0002.png",
            "time": 0.0,
            "transform_matrix": [
                [
                    0.8406795263290405,
                    0.1406024694442749,
                    -0.5229616165161133,
                    -1.5604654550552368
                ],
                [
                    -0.007796863093972206,
                    0.9687485694885254,
                    0.2479221522808075,
                    0.3613668382167816
                ],
                [
                    0.5414767861366272,
                    -0.20434564352035522,
                    0.8155034184455872,
                    1.4397947788238525
                ],
                [
                    0.0,
                    0.0,
                    0.0,
                    0.9999999403953552
                ]
            ]
        },
        {
            "file_path": "start/train/rgba/0003.png",
            "time": 0.0,
            "transform_matrix": [
                [
                    0.8579043745994568,
                    0.14559656381607056,
                    -0.49274924397468567,
                    -1.5251617431640625
                ],
                [
                    -0.0234328992664814,
                    0.9691006541252136,
                    0.24554994702339172,
                    0.3602733314037323
                ],
                [
                    0.5132748484611511,
                    -0.19911184906959534,
                    0.8348075151443481,
                    1.4784210920333862
                ],
                [
                    0.0,
                    0.0,
                    0.0,
                    1.0000001192092896
                ]
            ]
        },
        {
            "file_path": "start/train/rgba/0004.png",
            "time": 0.0,
            "transform_matrix": [
                [
                    0.8822753429412842,
                    0.11249561607837677,
                    -0.4570939838886261,
                    -1.4529186487197876
                ],
                [
                    0.004398948047310114,
                    0.9690119028091431,
                    0.24697476625442505,
                    0.35379886627197266
                ],
                [
                    0.4707130193710327,
                    -0.21991051733493805,
                    0.8544405698776245,
                    1.534109354019165
                ],
                [
                    0.0,
                    0.0,
                    0.0,
                    1.0
                ]
            ]
        },
        {
            "file_path": "start/train/rgba/0005.png",
            "time": 0.0,
            "transform_matrix": [
                [
                    0.868999183177948,
                    0.1281955987215042,
                    -0.47791874408721924,
                    -1.4186073541641235
                ],
                [
                    -0.004454014357179403,
                    0.9678436517715454,
                    0.25151294469833374,
                    0.35823118686676025
                ],
                [
                    0.4947934150695801,
                    -0.21643592417240143,
                    0.8416263461112976,
                    1.5214107036590576
                ],
                [
                    0.0,
                    0.0,
                    0.0,
                    1.0
                ]
            ]
        },
        {
            "file_path": "start/train/rgba/0006.png",
            "time": 0.0,
            "transform_matrix": [
                [
                    0.8934056162834167,
                    0.12204001098871231,
                    -0.4323570728302002,
                    -1.3446253538131714
                ],
                [
                    -0.011053599417209625,
                    0.9680755138397217,
                    0.25041475892066956,
                    0.35616087913513184
                ],
                [
                    0.4491148591041565,
                    -0.21894288063049316,
                    0.8662331104278564,
                    1.5574324131011963
                ],
                [
                    0.0,
                    0.0,
                    0.0,
                    1.0
                ]
            ]
        },
        {
            "file_path": "start/train/rgba/0007.png",
            "time": 0.0,
            "transform_matrix": [
                [
                    0.9211062788963318,
                    0.09828703850507736,
                    -0.37670010328292847,
                    -1.2112376689910889
                ],
                [
                    -0.004988929722458124,
                    0.9705068469047546,
                    0.2410217523574829,
                    0.3551572561264038
                ],
                [
                    0.3892792761325836,
                    -0.22012732923030853,
                    0.8944302797317505,
                    1.629431962966919
                ],
                [
                    0.0,
                    0.0,
                    0.0,
                    1.0
                ]
            ]
        },
        {
            "file_path": "start/train/rgba/0008.png",
            "time": 0.0,
            "transform_matrix": [
                [
                    0.9236336350440979,
                    0.10621652007102966,
                    -0.3682650327682495,
                    -1.1456202268600464
                ],
                [
                    -0.012675872072577477,
                    0.9687728881835938,
                    0.24762555956840515,
                    0.3643885850906372
                ],
                [
                    0.3830670118331909,
                    -0.2240472137928009,
                    0.8961375951766968,
                    1.6413064002990723
                ],
                [
                    0.0,
                    0.0,
                    0.0,
                    1.0
                ]
            ]
        },
        {
            "file_path": "start/train/rgba/0009.png",
            "time": 0.0,
            "transform_matrix": [
                [
                    0.9333747029304504,
                    0.09389370679855347,
                    -0.34640398621559143,
                    -1.0880858898162842
                ],
                [
                    -0.007881194353103638,
                    0.9703022241592407,
                    0.24176734685897827,
                    0.36515283584594727
                ],
                [
                    0.358816921710968,
                    -0.2229294627904892,
                    0.9063956141471863,
                    1.6554396152496338
                ],
                [
                    0.0,
                    0.0,
                    0.0,
                    1.0
                ]
            ]
        },
        {
            "file_path": "start/train/rgba/0010.png",
            "time": 0.0,
            "transform_matrix": [
                [
                    0.9532197117805481,
                    0.06472703814506531,
                    -0.29526668787002563,
                    -0.9587604999542236
                ],
                [
                    0.0064673107117414474,
                    0.9722142815589905,
                    0.23400314152240753,
                    0.36269405484199524
                ],
                [
                    0.3022087514400482,
                    -0.22496601939201355,
                    0.926315426826477,
                    1.729702115058899
                ],
                [
                    0.0,
                    0.0,
                    0.0,
                    0.9999998807907104
                ]
            ]
        },
        {
            "file_path": "start/train/rgba/0011.png",
            "time": 0.0,
            "transform_matrix": [
                [
                    0.9664753079414368,
                    0.05879624933004379,
                    -0.24993695318698883,
                    -0.8596450090408325
                ],
                [
                    -0.000885343411937356,
                    0.9741852879524231,
                    0.22574804723262787,
                    0.372723788022995
                ],
                [
                    0.2567579448223114,
                    -0.21795865893363953,
                    0.9415781497955322,
                    1.7651485204696655
                ],
                [
                    0.0,
                    0.0,
                    0.0,
                    1.0000001192092896
                ]
            ]
        },
        {
            "file_path": "start/train/rgba/0012.png",
            "time": 0.0,
            "transform_matrix": [
                [
                    0.9645390510559082,
                    0.0692661851644516,
                    -0.25468921661376953,
                    -0.8181445002555847
                ],
                [
                    -0.008422642946243286,
                    0.9725366830825806,
                    0.2325969785451889,
                    0.3743710517883301
                ],
                [
                    0.26380565762519836,
                    -0.22220370173454285,
                    0.938633143901825,
                    1.7544569969177246
                ],
                [
                    0.0,
                    0.0,
                    0.0,
                    1.0
                ]
            ]
        },
        {
            "file_path": "start/train/rgba/0013.png",
            "time": 0.0,
            "transform_matrix": [
                [
                    0.961472749710083,
                    0.06890943646430969,
                    -0.26612308621406555,
                    -0.8107110261917114
                ],
                [
                    -0.006266400218009949,
                    0.9733147025108337,
                    0.22938857972621918,
                    0.3763987123966217
                ],
                [
                    0.2748284339904785,
                    -0.21888327598571777,
                    0.9362475275993347,
                    1.7244583368301392
                ],
                [
                    0.0,
                    0.0,
                    0.0,
                    0.9999998807907104
                ]
            ]
        },
        {
            "file_path": "start/train/rgba/0014.png",
            "time": 0.0,
            "transform_matrix": [
                [
                    0.9712561964988708,
                    0.0737883448600769,
                    -0.22631098330020905,
                    -0.7366208434104919
                ],
                [
                    -0.020022187381982803,
                    0.97269606590271,
                    0.23121705651283264,
                    0.3700871169567108
                ],
                [
                    0.23719286918640137,
                    -0.2200397551059723,
                    0.9462146162986755,
                    1.7192573547363281
                ],
                [
                    0.0,
                    0.0,
                    0.0,
                    0.9999999403953552
                ]
            ]
        },
        {
            "file_path": "start/train/rgba/0015.png",
            "time": 0.0,
            "transform_matrix": [
                [
                    0.9865845441818237,
                    0.01903349906206131,
                    -0.1621377021074295,
                    -0.6013164520263672
                ],
                [
                    0.018305910751223564,
                    0.9740179181098938,
                    0.22572971880435944,
                    0.36491212248802185
                ],
                [
                    0.16222138702869415,
                    -0.22566953301429749,
                    0.9606026411056519,
                    1.7682294845581055
                ],
                [
                    0.0,
                    0.0,
                    0.0,
                    0.9999999403953552
                ]
            ]
        },
        {
            "file_path": "start/train/rgba/0016.png",
            "time": 0.0,
            "transform_matrix": [
                [
                    0.9943395853042603,
                    0.0017859890358522534,
                    -0.1062340959906578,
                    -0.502439558506012
                ],
                [
                    0.02225174941122532,
                    0.9741849303245544,
                    0.22465184330940247,
                    0.37372922897338867
                ],
                [
                    0.10389278084039688,
                    -0.2257440984249115,
                    0.9686309099197388,
                    1.796886920928955
                ],
                [
                    0.0,
                    0.0,
                    0.0,
                    1.0
                ]
            ]
        },
        {
            "file_path": "start/train/rgba/0017.png",
            "time": 0.0,
            "transform_matrix": [
                [
                    0.9945806264877319,
                    0.015557399019598961,
                    -0.1027977243065834,
                    -0.4795714318752289
                ],
                [
                    0.008281269110739231,
                    0.9737455248832703,
                    0.22748878598213196,
                    0.3784277141094208
                ],
                [
                    0.10363786667585373,
                    -0.2271072417497635,
                    0.9683395624160767,
                    1.7786294221878052
                ],
                [
                    0.0,
                    0.0,
                    0.0,
                    1.0000001192092896
                ]
            ]
        },
        {
            "file_path": "start/train/rgba/0018.png",
            "time": 0.0,
            "transform_matrix": [
                [
                    0.9905074834823608,
                    0.053131233900785446,
                    -0.12677493691444397,
                    -0.45553457736968994
                ],
                [
                    -0.022361310198903084,
                    0.9722751379013062,
                    0.23276789486408234,
                    0.37648722529411316
                ],
                [
                    0.13562728464603424,
                    -0.22772350907325745,
                    0.9642339944839478,
                    1.7737061977386475
                ],
                [
                    0.0,
                    0.0,
                    0.0,
                    0.9999999403953552
                ]
            ]
        },
        {
            "file_path": "start/train/rgba/0019.png",
            "time": 0.0,
            "transform_matrix": [
                [
                    0.9959093332290649,
                    0.023046407848596573,
                    -0.08736951649188995,
                    -0.35916900634765625
                ],
                [
                    -0.002622910775244236,
                    0.973892092704773,
                    0.22699591517448425,
                    0.37599238753318787
                ],
                [
                    0.09031986445188522,
                    -0.22583819925785065,
                    0.9699687361717224,
                    1.8135457038879395
                ],
                [
                    0.0,
                    0.0,
                    0.0,
                    0.9999999403953552
                ]
            ]
        },
        {
            "file_path": "start/train/rgba/0020.png",
            "time": 0.0,
            "transform_matrix": [
                [
                    0.9996032118797302,
                    0.007660668343305588,
                    -0.02710728719830513,
                    -0.2342185080051422
                ],
                [
                    -0.001442577107809484,
                    0.9749691486358643,
                    0.2223353385925293,
                    0.3693222999572754
                ],
                [
                    0.028131887316703796,
                    -0.22220800817012787,
                    0.9745933413505554,
                    1.834674596786499
                ],
                [
                    0.0,
                    0.0,
                    0.0,
                    1.0
                ]
            ]
        },
        {
            "file_path": "start/train/rgba/0021.png",
            "time": 0.0,
            "transform_matrix": [
                [
                    0.9999777674674988,
                    -0.0063736699521541595,
                    -0.0019525802927091718,
                    -0.18344828486442566
                ],
                [
                    0.006656817626208067,
                    0.9702052474021912,
                    0.24219295382499695,
                    0.3777693510055542
                ],
                [
                    0.0003506635839585215,
                    -0.2422005981206894,
                    0.9702261686325073,
                    1.8269648551940918
                ],
                [
                    0.0,
                    0.0,
                    0.0,
                    1.0
                ]
            ]
        },
        {
            "file_path": "start/train/rgba/0022.png",
            "time": 0.0,
            "transform_matrix": [
                [
                    0.9999558329582214,
                    -0.005128153134137392,
                    0.007875482551753521,
                    -0.16787642240524292
                ],
                [
                    0.0031720222905278206,
                    0.9729923605918884,
                    0.23081523180007935,
                    0.37930986285209656
                ],
                [
                    -0.008846484124660492,
                    -0.23078005015850067,
                    0.9729657173156738,
                    1.8061504364013672
                ],
                [
                    0.0,
                    0.0,
                    0.0,
                    0.9999999403953552
                ]
            ]
        },
        {
            "file_path": "start/train/rgba/0023.png",
            "time": 0.0,
            "transform_matrix": [
                [
                    0.9982324242591858,
                    -0.009593812748789787,
                    0.05865209922194481,
                    -0.03584018349647522
                ],
                [
                    -0.0030272873118519783,
                    0.9773954749107361,
                    0.211397185921669,
                    0.3842306137084961
                ],
                [
                    -0.059354428201913834,
                    -0.21120108664035797,
                    0.9756388068199158,
                    1.8230597972869873
                ],
                [
                    0.0,
                    0.0,
                    0.0,
                    1.0
                ]
            ]
        },
        {
            "file_path": "start/train/rgba/0024.png",
            "time": 0.0,
            "transform_matrix": [
                [
                    0.9933001399040222,
                    -0.018893318250775337,
                    0.11400850117206573,
                    0.08401000499725342
                ],
                [
                    -0.005378369707614183,
                    0.9779183268547058,
                    0.20891831815242767,
                    0.3806200921535492
                ],
                [
                    -0.11543833464384079,
                    -0.2081317901611328,
                    0.9712647795677185,
                    1.8358452320098877
                ],
                [
                    0.0,
                    0.0,
                    0.0,
                    0.9999999403953552
                ]
            ]
        },
        {
            "file_path": "start/train/rgba/0025.png",
            "time": 0.0,
            "transform_matrix": [
                [
                    0.9904413819313049,
                    -0.03620213270187378,
                    0.1330992430448532,
                    0.159417524933815
                ],
                [
                    0.006021612323820591,
                    0.9753715991973877,
                    0.22048573195934296,
                    0.3813115060329437
                ],
                [
                    -0.137803316116333,
                    -0.21757671236991882,
                    0.9662663340568542,
                    1.8280013799667358
                ],
                [
                    0.0,
                    0.0,
                    0.0,
                    1.0000001192092896
                ]
            ]
        },
        {
            "file_path": "start/train/rgba/0026.png",
            "time": 0.0,
            "transform_matrix": [
                [
                    0.9927093386650085,
                    -0.02810700796544552,
                    0.11721011251211166,
                    0.1721367985010147
                ],
                [
                    -0.0010587613796815276,
                    0.9703603982925415,
                    0.24165982007980347,
                    0.3772702217102051
                ],
                [
                    -0.12052856385707855,
                    -0.24002204835414886,
                    0.9632560610771179,
                    1.7955985069274902
                ],
                [
                    0.0,
                    0.0,
                    0.0,
                    1.0
                ]
            ]
        },
        {
            "file_path": "start/train/rgba/0027.png",
            "time": 0.0,
            "transform_matrix": [
                [
                    0.9847132563591003,
                    -0.04944087937474251,
                    0.1670188009738922,
                    0.2892049551010132
                ],
                [
                    0.00988653115928173,
                    0.9731890559196472,
                    0.2297939509153366,
                    0.38385066390037537
                ],
                [
                    -0.173902228474617,
                    -0.22462992370128632,
                    0.9588010311126709,
                    1.797999382019043
                ],
                [
                    0.0,
                    0.0,
                    0.0,
                    0.9999999403953552
                ]
            ]
        },
        {
            "file_path": "start/train/rgba/0028.png",
            "time": 0.0,
            "transform_matrix": [
                [
                    0.9712091088294983,
                    -0.07687482982873917,
                    0.22548438608646393,
                    0.43994373083114624
                ],
                [
                    0.02201017551124096,
                    0.9714107513427734,
                    0.23638243973255157,
                    0.38667821884155273
                ],
                [
                    -0.23720990121364594,
                    -0.22461381554603577,
                    0.9451349973678589,
                    1.8024280071258545
                ],
                [
                    0.0,
                    0.0,
                    0.0,
                    1.0
                ]
            ]
        },
        {
            "file_path": "start/train/rgba/0029.png",
            "time": 0.0,
            "transform_matrix": [
                [
                    0.9689343571662903,
                    -0.08059175312519073,
                    0.23381875455379486,
                    0.47810763120651245
                ],
                [
                    0.020965589210391045,
                    0.9687797427177429,
                    0.24703481793403625,
                    0.3852338492870331
                ],
                [
                    -0.24642789363861084,
                    -0.23445838689804077,
                    0.9403735995292664,
                    1.7781267166137695
                ],
                [
                    0.0,
                    0.0,
                    0.0,
                    0.9999999403953552
                ]
            ]
        },
        {
            "file_path": "start/train/rgba/0030.png",
            "time": 0.0,
            "transform_matrix": [
                [
                    0.9721270799636841,
                    -0.06971920281648636,
                    0.22384871542453766,
                    0.4860079288482666
                ],
                [
                    0.01147400215268135,
                    0.9677663445472717,
                    0.25158822536468506,
                    0.3826647698879242
                ],
                [
                    -0.234173983335495,
                    -0.2420072853565216,
                    0.9415917992591858,
                    1.7311508655548096
                ],
                [
                    0.0,
                    0.0,
                    0.0,
                    0.9999999403953552
                ]
            ]
        },
        {
            "file_path": "start/train/rgba/0031.png",
            "time": 0.0,
            "transform_matrix": [
                [
                    0.9498658776283264,
                    -0.08498051762580872,
                    0.3008873462677002,
                    0.5938331484794617
                ],
                [
                    0.010709207504987717,
                    0.9706319570541382,
                    0.2403307855129242,
                    0.3900306224822998
                ],
                [
                    -0.31247439980506897,
                    -0.22505973279476166,
                    0.922880232334137,
                    1.6996276378631592
                ],
                [
                    0.0,
                    0.0,
                    0.0,
                    1.0
                ]
            ]
        },
        {
            "file_path": "start/train/rgba/0032.png",
            "time": 0.0,
            "transform_matrix": [
                [
                    0.9219201803207397,
                    -0.09656564146280289,
                    0.37515074014663696,
                    0.7112010717391968
                ],
                [
                    0.007970105856657028,
                    0.9729549884796143,
                    0.23085708916187286,
                    0.3945314586162567
                ],
                [
                    -0.38729777932167053,
                    -0.20984184741973877,
                    0.8977565169334412,
                    1.6725943088531494
                ],
                [
                    0.0,
                    0.0,
                    0.0,
                    0.9999999403953552
                ]
            ]
        },
        {
            "file_path": "start/train/rgba/0033.png",
            "time": 0.0,
            "transform_matrix": [
                [
                    0.9020556211471558,
                    -0.11157289147377014,
                    0.4169498682022095,
                    0.7950161695480347
                ],
                [
                    0.00677071325480938,
                    0.9695507287979126,
                    0.24479684233665466,
                    0.39299023151397705
                ],
                [
                    -0.43156683444976807,
                    -0.21799731254577637,
                    0.8753440380096436,
                    1.651228666305542
                ],
                [
                    0.0,
                    0.0,
                    0.0,
                    1.0
                ]
            ]
        },
        {
            "file_path": "start/train/rgba/0034.png",
            "time": 0.0,
            "transform_matrix": [
                [
                    0.9128015637397766,
                    -0.09544908255338669,
                    0.3970927894115448,
                    0.8173746466636658
                ],
                [
                    -0.002142262412235141,
                    0.9711732268333435,
                    0.2383650690317154,
                    0.4083596169948578
                ],
                [
                    -0.40839770436286926,
                    -0.21843069791793823,
                    0.8862839937210083,
                    1.636854648590088
                ],
                [
                    0.0,
                    0.0,
                    0.0,
                    0.9999999403953552
                ]
            ]
        },
        {
            "file_path": "start/train/rgba/0035.png",
            "time": 0.0,
            "transform_matrix": [
                [
                    0.9351687431335449,
                    -0.10078466683626175,
                    0.33956098556518555,
                    0.8493275046348572
                ],
                [
                    0.016411682590842247,
                    0.9699636697769165,
                    0.24269501864910126,
                    0.4024675190448761
                ],
                [
                    -0.35382190346717834,
                    -0.2213880568742752,
                    0.9087337851524353,
                    1.6204394102096558
                ],
                [
                    0.0,
                    0.0,
                    0.0,
                    0.9999998807907104
                ]
            ]
        },
        {
            "file_path": "start/train/rgba/0036.png",
            "time": 0.0,
            "transform_matrix": [
                [
                    0.9224565625190735,
                    -0.1165815219283104,
                    0.3680797219276428,
                    0.9540292024612427
                ],
                [
                    0.019995948299765587,
                    0.9664707779884338,
                    0.25599682331085205,
                    0.3930433988571167
                ],
                [
                    -0.38558289408683777,
                    -0.22878584265708923,
                    0.8938584923744202,
                    1.5925161838531494
                ],
                [
                    0.0,
                    0.0,
                    0.0,
                    1.0
                ]
            ]
        },
        {
            "file_path": "start/train/rgba/0037.png",
            "time": 0.0,
            "transform_matrix": [
                [
                    0.9111897349357605,
                    -0.1114758774638176,
                    0.3966188132762909,
                    1.0015487670898438
                ],
                [
                    0.007225182373076677,
                    0.9668729901313782,
                    0.2551555931568146,
                    0.3987082242965698
                ],
                [
                    -0.4119237959384918,
                    -0.2296295017004013,
                    0.8818101286888123,
                    1.5687944889068604
                ],
                [
                    0.0,
                    0.0,
                    0.0,
                    1.0
                ]
            ]
        },
        {
            "file_path": "start/train/rgba/0038.png",
            "time": 0.0,
            "transform_matrix": [
                [
                    0.9248230457305908,
                    -0.08154793083667755,
                    0.3715539276599884,
                    0.9647677540779114
                ],
                [
                    0.0015998396556824446,
                    0.977576494216919,
                    0.2105744630098343,
                    0.40420711040496826
                ],
                [
                    -0.3803943991661072,
                    -0.1941496878862381,
                    0.9042156934738159,
                    1.547609567642212
                ],
                [
                    0.0,
                    0.0,
                    0.0,
                    1.0
                ]
            ]
        },
        {
            "file_path": "start/train/rgba/0039.png",
            "time": 0.0,
            "transform_matrix": [
                [
                    0.9264898300170898,
                    -0.06913331151008606,
                    0.3699151277542114,
                    0.9752746224403381
                ],
                [
                    -0.011878236196935177,
                    0.9771184921264648,
                    0.212363600730896,
                    0.35813021659851074
                ],
                [
                    -0.3761323392391205,
                    -0.20114664733409882,
                    0.9044691920280457,
                    1.5888872146606445
                ],
                [
                    0.0,
                    0.0,
                    0.0,
                    1.0
                ]
            ]
        },
        {
            "file_path": "start/train/rgba/0040.png",
            "time": 0.0,
            "transform_matrix": [
                [
                    0.8890418410301208,
                    -0.12627044320106506,
                    0.4400686025619507,
                    1.0746203660964966
                ],
                [
                    0.02589620091021061,
                    0.9735442996025085,
                    0.2270260900259018,
                    0.3355349004268646
                ],
                [
                    -0.45709311962127686,
                    -0.1904395967721939,
                    0.8687915205955505,
                    1.6927268505096436
                ],
                [
                    0.0,
                    0.0,
                    0.0,
                    0.9999999403953552
                ]
            ]
        },
        {
            "file_path": "start/train/rgba/0041.png",
            "time": 0.0,
            "transform_matrix": [
                [
                    0.8676802515983582,
                    -0.13056308031082153,
                    0.47967103123664856,
                    1.1607587337493896
                ],
                [
                    0.016700364649295807,
                    0.9720055460929871,
                    0.23436366021633148,
                    0.35615894198417664
                ],
                [
                    -0.4968422055244446,
                    -0.1953420341014862,
                    0.84557044506073,
                    1.7510930299758911
                ],
                [
                    0.0,
                    0.0,
                    0.0,
                    1.0000001192092896
                ]
            ]
        },
        {
            "file_path": "start/train/rgba/0042.png",
            "time": 0.0,
            "transform_matrix": [
                [
                    0.87899249792099,
                    -0.11576481908559799,
                    0.4625696539878845,
                    1.2359797954559326
                ],
                [
                    0.013682895340025425,
                    0.9758061170578003,
                    0.21820896863937378,
                    0.3629814386367798
                ],
                [
                    -0.4766392409801483,
                    -0.18547475337982178,
                    0.8593102693557739,
                    1.768660306930542
                ],
                [
                    0.0,
                    0.0,
                    0.0,
                    1.0
                ]
            ]
        },
        {
            "file_path": "start/train/rgba/0043.png",
            "time": 0.0,
            "transform_matrix": [
                [
                    0.8881597518920898,
                    -0.1169322282075882,
                    0.4444087743759155,
                    1.2540934085845947
                ],
                [
                    0.02339114248752594,
                    0.9773339629173279,
                    0.210407093167305,
                    0.3965969979763031
                ],
                [
                    -0.45893925428390503,
                    -0.17647987604141235,
                    0.8707638382911682,
                    1.7737332582473755
                ],
                [
                    0.0,
                    0.0,
                    0.0,
                    1.0000001192092896
                ]
            ]
        },
        {
            "file_path": "start/train/rgba/0044.png",
            "time": 0.0,
            "transform_matrix": [
                [
                    0.8989993333816528,
                    -0.11924423277378082,
                    0.4214036762714386,
                    1.2636759281158447
                ],
                [
                    0.02724432200193405,
                    0.9755821824073792,
                    0.21793809533119202,
                    0.4474489986896515
                ],
                [
                    -0.43710196018218994,
                    -0.1844453364610672,
                    0.8802964091300964,
                    1.762997031211853
                ],
                [
                    0.0,
                    0.0,
                    0.0,
