{
    "camera_angle_x": 1.0827543599930542,
    "camera_angle_y": 0.8473328629281199,
    "frames": [
        {
            "file_path": "end/train/rgba/0000.png",
            "time": 1.0,
            "transform_matrix": [
                [
                    0.8108673691749573,
                    0.1724415272474289,
                    -0.5592477321624756,
                    -1.6858566999435425
                ],
                [
                    -0.0211240965873003,
                    0.9636048078536987,
                    0.26649484038352966,
                    0.3221166133880615
                ],
                [
                    0.5848485827445984,
                    -0.2042783945798874,
                    0.7849984765052795,
                    1.6720585823059082
                ],
                [
                    0.0,
                    0.0,
                    0.0,
                    1.0
                ]
            ]
        },
        {
            "file_path": "end/train/rgba/0001.png",
            "time": 1.0,
            "transform_matrix": [
                [
                    0.8347784280776978,
                    0.17077599465847015,
                    -0.5234317183494568,
                    -1.6224600076675415
                ],
                [
                    -0.033567387610673904,
                    0.9646980166435242,
                    0.26121068000793457,
                    0.32593488693237305
                ],
                [
                    0.5495619177818298,
                    -0.2004827857017517,
                    0.8110416531562805,
                    1.6755108833312988
                ],
                [
                    0.0,
                    0.0,
                    0.0,
                    1.0
                ]
            ]
        },
        {
            "file_path": "end/train/rgba/0002.png",
            "time": 1.0,
            "transform_matrix": [
                [
                    0.8739908933639526,
                    0.1525697112083435,
                    -0.4613701403141022,
                    -1.5127428770065308
                ],
                [
                    -0.02712929993867874,
                    0.9632726907730103,
                    0.26715096831321716,
                    0.3297993838787079
                ],
                [
                    0.48518437147140503,
                    -0.22097089886665344,
                    0.8460307717323303,
                    1.6866474151611328
                ],
                [
                    0.0,
                    0.0,
                    0.0,
                    0.9999999403953552
                ]
            ]
        },
        {
            "file_path": "end/train/rgba/0003.png",
            "time": 1.0,
            "transform_matrix": [
                [
                    0.8771183490753174,
                    0.13331910967826843,
                    -0.46139946579933167,
                    -1.4558727741241455
                ],
                [
                    -0.008004528470337391,
                    0.9646242260932922,
                    0.2635068893432617,
                    0.349780797958374
                ],
                [
                    0.48020753264427185,
                    -0.2274334579706192,
                    0.8471568822860718,
                    1.700662612915039
                ],
                [
                    0.0,
                    0.0,
                    0.0,
                    1.0
                ]
            ]
        },
        {
            "file_path": "end/train/rgba/0004.png",
            "time": 1.0,
            "transform_matrix": [
                [
                    0.8682786226272583,
                    0.1278805136680603,
                    -0.4793107509613037,
                    -1.4594106674194336
                ],
                [
                    -0.0003358729009050876,
                    0.9663540124893188,
                    0.25721561908721924,
                    0.37683889269828796
                ],
                [
                    0.49607664346694946,
                    -0.2231738567352295,
                    0.8391075134277344,
                    1.7274119853973389
                ],
                [
                    0.0,
                    0.0,
                    0.0,
                    0.9999999403953552
                ]
            ]
        },
        {
            "file_path": "end/train/rgba/0005.png",
            "time": 1.0,
            "transform_matrix": [
                [
                    0.8972356915473938,
                    0.11785581707954407,
                    -0.4255327582359314,
                    -1.3225820064544678
                ],
                [
                    -0.014080679044127464,
                    0.9708674550056458,
                    0.23920290172100067,
                    0.3800574541091919
                ],
                [
                    0.44132742285728455,
                    -0.20862960815429688,
                    0.8727564811706543,
                    1.8076574802398682
                ],
                [
                    0.0,
                    0.0,
                    0.0,
                    1.0
                ]
            ]
        },
        {
            "file_path": "end/train/rgba/0006.png",
            "time": 1.0,
            "transform_matrix": [
                [
                    0.9224187731742859,
                    0.09148604422807693,
                    -0.3751985430717468,
                    -1.1545056104660034
                ],
                [
                    0.008038659580051899,
                    0.9667767286300659,
                    0.2554956078529358,
                    0.387656569480896
                ],
                [
                    0.38610750436782837,
                    -0.23869004845619202,
                    0.89103764295578,
                    1.869272232055664
                ],
                [
                    0.0,
                    0.0,
                    0.0,
                    1.0
                ]
            ]
        },
        {
            "file_path": "end/train/rgba/0007.png",
            "time": 1.0,
            "transform_matrix": [
                [
                    0.9287930727005005,
                    0.11001342535018921,
                    -0.35389330983161926,
                    -1.0395675897598267
                ],
                [
                    -0.013861737214028835,
                    0.9645676612854004,
                    0.26347121596336365,
                    0.3920522928237915
                ],
                [
                    0.3703393340110779,
                    -0.23980467021465302,
                    0.8974087238311768,
                    1.847532033920288
                ],
                [
                    0.0,
                    0.0,
                    0.0,
                    1.0
                ]
            ]
        },
        {
            "file_path": "end/train/rgba/0008.png",
            "time": 1.0,
            "transform_matrix": [
                [
                    0.9457463026046753,
                    0.10203283280134201,
                    -0.3084692656993866,
                    -0.9298025369644165
                ],
                [
                    -0.017462914809584618,
                    0.9640011191368103,
                    0.2653239667415619,
                    0.398954838514328
                ],
                [
                    0.3244364857673645,
                    -0.24554237723350525,
                    0.9134823083877563,
                    1.820632815361023
                ],
                [
                    0.0,
                    0.0,
                    0.0,
                    1.0000001192092896
                ]
            ]
        },
        {
            "file_path": "end/train/rgba/0009.png",
            "time": 1.0,
            "transform_matrix": [
                [
                    0.9765723943710327,
                    0.07253985106945038,
                    -0.20259417593479156,
                    -0.7737327814102173
                ],
                [
                    -0.019415130838751793,
                    0.9673314690589905,
                    0.252770334482193,
                    0.40432021021842957
                ],
                [
                    0.2143116295337677,
                    -0.24291513860225677,
                    0.9460775852203369,
                    1.879209280014038
                ],
                [
                    0.0,
                    0.0,
                    0.0,
                    0.9999999403953552
                ]
            ]
        },
        {
            "file_path": "end/train/rgba/0010.png",
            "time": 1.0,
            "transform_matrix": [
                [
                    0.9848893284797668,
                    0.04264271631836891,
                    -0.1678534597158432,
                    -0.6011890769004822
                ],
                [
                    0.004201270639896393,
                    0.9630443453788757,
                    0.26931002736091614,
                    0.4076056480407715
                ],
                [
                    0.17313434183597565,
                    -0.2659457325935364,
                    0.9483128190040588,
                    1.9164588451385498
                ],
                [
                    0.0,
                    0.0,
                    0.0,
                    1.0
                ]
            ]
        },
        {
            "file_path": "end/train/rgba/0011.png",
            "time": 1.0,
            "transform_matrix": [
                [
                    0.9839290976524353,
                    0.05813223868608475,
                    -0.1688316911458969,
                    -0.4970152974128723
                ],
                [
                    -0.011994283646345139,
                    0.964902400970459,
                    0.2623347342014313,
                    0.4000764787197113
                ],
                [
                    0.17815609276294708,
                    -0.2560937702655792,
                    0.9500928521156311,
                    1.8853695392608643
                ],
                [
                    0.0,
                    0.0,
                    0.0,
                    0.9999999403953552
                ]
            ]
        },
        {
            "file_path": "end/train/rgba/0012.png",
            "time": 1.0,
            "transform_matrix": [
                [
                    0.9868435263633728,
                    0.06728548556566238,
                    -0.1470118761062622,
                    -0.4092121422290802
                ],
                [
                    -0.02869955264031887,
                    0.9677490592002869,
                    0.25027573108673096,
                    0.40310415625572205
                ],
                [
                    0.15911045670509338,
                    -0.24276383221149445,
                    0.9569480419158936,
                    1.8824634552001953
                ],
                [
                    0.0,
                    0.0,
                    0.0,
                    0.9999999403953552
                ]
            ]
        },
        {
            "file_path": "end/train/rgba/0013.png",
            "time": 1.0,
            "transform_matrix": [
                [
                    0.9957191944122314,
                    0.05235939845442772,
                    -0.07616904377937317,
                    -0.2893184423446655
                ],
                [
                    -0.032040052115917206,
                    0.9685065150260925,
                    0.2469182014465332,
                    0.40177786350250244
                ],
                [
                    0.08669866621494293,
                    -0.24342073500156403,
                    0.9660381078720093,
                    1.9164888858795166
                ],
                [
                    0.0,
                    0.0,
                    0.0,
                    1.0
                ]
            ]
        },
        {
            "file_path": "end/train/rgba/0014.png",
            "time": 1.0,
            "transform_matrix": [
                [
                    0.9997789859771729,
                    0.02086901292204857,
                    0.002516238484531641,
                    -0.13588207960128784
                ],
                [
                    -0.020864713937044144,
                    0.9707187414169312,
                    0.23931093513965607,
                    0.4064732789993286
                ],
                [
                    0.002551550976932049,
                    -0.23931056261062622,
                    0.9709396958351135,
                    1.958937168121338
                ],
                [
                    0.0,
                    0.0,
                    0.0,
                    1.0
                ]
            ]
        },
        {
            "file_path": "end/train/rgba/0015.png",
            "time": 1.0,
            "transform_matrix": [
                [
                    0.9998255372047424,
                    0.017479073256254196,
                    0.00657365657389164,
                    -0.026316173374652863
                ],
                [
                    -0.018571775406599045,
                    0.9675353765487671,
                    0.25205180048942566,
                    0.4093509912490845
                ],
                [
                    -0.001954742008820176,
                    -0.2521299719810486,
                    0.9676914215087891,
                    1.956418514251709
                ],
                [
                    0.0,
                    0.0,
                    0.0,
                    1.0
                ]
            ]
        },
        {
            "file_path": "end/train/rgba/0016.png",
            "time": 1.0,
            "transform_matrix": [
                [
                    0.9989737868309021,
                    -0.0037377981934696436,
                    0.04513612389564514,
                    0.06184973940253258
                ],
                [
                    -0.007848961278796196,
                    0.9672211408615112,
                    0.2538142502307892,
                    0.4003482758998871
                ],
                [
                    -0.044605355709791183,
                    -0.25390806794166565,
                    0.9661992192268372,
                    1.8972339630126953
                ],
                [
                    0.0,
                    0.0,
                    0.0,
                    0.9999999403953552
                ]
            ]
        },
        {
            "file_path": "end/train/rgba/0017.png",
            "time": 1.0,
            "transform_matrix": [
                [
                    0.9970211982727051,
                    -0.004890935495495796,
                    0.07697355002164841,
                    0.16464877128601074
                ],
                [
                    -0.013140827417373657,
                    0.9726243019104004,
                    0.23201130330562592,
                    0.4074612855911255
                ],
                [
                    -0.0760011151432991,
                    -0.23233167827129364,
                    0.9696626663208008,
                    1.880582332611084
                ],
                [
                    0.0,
                    0.0,
                    0.0,
                    1.0
                ]
            ]
        },
        {
            "file_path": "end/train/rgba/0018.png",
            "time": 1.0,
            "transform_matrix": [
                [
                    0.9861093163490295,
                    -0.031508203595876694,
                    0.16308216750621796,
                    0.31497129797935486
                ],
                [
                    -0.012175306677818298,
                    0.9654894471168518,
                    0.26015737652778625,
                    0.40810760855674744
                ],
                [
                    -0.16565130650997162,
                    -0.2585291266441345,
                    0.9516944885253906,
                    1.9037697315216064
                ],
                [
                    0.0,
                    0.0,
                    0.0,
                    0.9999999403953552
                ]
            ]
        },
        {
            "file_path": "end/train/rgba/0019.png",
            "time": 1.0,
            "transform_matrix": [
                [
                    0.9737210273742676,
                    -0.06199445575475693,
                    0.21914389729499817,
                    0.44826942682266235
                ],
                [
                    0.0016992664895951748,
                    0.9641883969306946,
                    0.26521265506744385,
                    0.40964868664741516
                ],
                [
                    -0.22773782908916473,
                    -0.25787076354026794,
                    0.9389558434486389,
                    1.9160906076431274
                ],
                [
                    0.0,
                    0.0,
                    0.0,
                    0.9999998807907104
                ]
            ]
        },
        {
            "file_path": "end/train/rgba/0020.png",
            "time": 1.0,
            "transform_matrix": [
                [
                    0.9708458781242371,
                    -0.05814746767282486,
                    0.23254528641700745,
                    0.5090171694755554
                ],
                [
                    -0.00439459877088666,
                    0.9656508564949036,
                    0.25980591773986816,
                    0.4077393710613251
                ],
                [
                    -0.23966467380523682,
                    -0.25325343012809753,
                    0.9372426271438599,
                    1.8807486295700073
                ],
                [
                    0.0,
                    0.0,
                    0.0,
                    1.0000001192092896
                ]
            ]
        },
        {
            "file_path": "end/train/rgba/0021.png",
            "time": 1.0,
            "transform_matrix": [
                [
                    0.9690616130828857,
                    -0.04810706153512001,
                    0.2420855015516281,
                    0.5590490102767944
                ],
                [
                    -0.01810542866587639,
                    0.9643238186836243,
                    0.26410534977912903,
                    0.4037341773509979
                ],
                [
                    -0.24615421891212463,
                    -0.2603174149990082,
                    0.9336182475090027,
                    1.8378708362579346
                ],
                [
                    0.0,
                    0.0,
                    0.0,
                    0.9999999403953552
                ]
            ]
        },
        {
            "file_path": "end/train/rgba/0022.png",
            "time": 1.0,
            "transform_matrix": [
                [
                    0.946912407875061,
                    -0.0773310735821724,
                    0.3120526373386383,
                    0.6908881068229675
                ],
                [
                    -0.008278876543045044,
                    0.9644523859024048,
                    0.2641269862651825,
                    0.4039846360683441
                ],
                [
                    -0.3213852047920227,
                    -0.25268855690956116,
                    0.9126117825508118,
                    1.8655253648757935
                ],
                [
                    0.0,
                    0.0,
                    0.0,
                    1.0000001192092896
                ]
            ]
        },
        {
            "file_path": "end/train/rgba/0023.png",
            "time": 1.0,
            "transform_matrix": [
                [
                    0.931039035320282,
                    -0.08790124952793121,
                    0.35417479276657104,
                    0.8080868124961853
                ],
                [
                    -0.01115883607417345,
                    0.9632436037063599,
                    0.2683974802494049,
                    0.3990515470504761
                ],
                [
                    -0.36474913358688354,
                    -0.25384071469306946,
                    0.8958364725112915,
                    1.913952112197876
                ],
                [
                    0.0,
                    0.0,
                    0.0,
                    1.0
                ]
            ]
        },
        {
            "file_path": "end/train/rgba/0024.png",
            "time": 1.0,
            "transform_matrix": [
                [
                    0.9257478713989258,
                    -0.1084236279129982,
                    0.36226409673690796,
                    0.8835251927375793
                ],
                [
                    0.0021785059943795204,
                    0.959525465965271,
                    0.2816135287284851,
                    0.4059584140777588
                ],
                [
                    -0.3781352639198303,
                    -0.2599138915538788,
                    0.8885147571563721,
                    1.9750738143920898
                ],
                [
                    0.0,
                    0.0,
                    0.0,
                    1.0
                ]
            ]
        },
        {
            "file_path": "end/train/rgba/0025.png",
            "time": 1.0,
            "transform_matrix": [
                [
                    0.9336709976196289,
                    -0.08444356173276901,
                    0.3480343520641327,
                    0.8510954976081848
                ],
                [
                    -0.0029918767977505922,
                    0.9699311852455139,
                    0.2433607131242752,
                    0.4102250337600708
                ],
                [
                    -0.3581197261810303,
                    -0.2282600998878479,
                    0.9053439497947693,
                    2.082843065261841
                ],
                [
                    0.0,
                    0.0,
                    0.0,
                    1.0
                ]
            ]
        },
        {
            "file_path": "end/train/rgba/0026.png",
            "time": 1.0,
            "transform_matrix": [
                [
                    0.9428551197052002,
                    -0.053195126354694366,
                    0.3289295434951782,
                    0.8363553285598755
                ],
                [
                    -0.033306047320365906,
                    0.9671839475631714,
                    0.25188449025154114,
                    0.4041425883769989
                ],
                [
                    -0.3315345346927643,
                    -0.24844591319561005,
                    0.9101426005363464,
                    2.1915321350097656
                ],
                [
                    0.0,
                    0.0,
                    0.0,
                    0.9999999403953552
                ]
            ]
        },
        {
            "file_path": "end/train/rgba/0027.png",
            "time": 1.0,
            "transform_matrix": [
                [
                    0.946797251701355,
                    -0.060553256422281265,
                    0.3160826861858368,
                    0.8954316973686218
                ],
                [
                    -0.020714839920401573,
                    0.9686369299888611,
                    0.24761521816253662,
                    0.4157825708389282
                ],
                [
                    -0.3211633861064911,
                    -0.24098901450634003,
                    0.9158485531806946,
                    2.1922872066497803
                ],
                [
                    0.0,
                    0.0,
                    0.0,
                    1.0
                ]
            ]
        },
        {
            "file_path": "end/train/rgba/0028.png",
            "time": 1.0,
            "transform_matrix": [
                [
                    0.9382009506225586,
                    -0.06408268213272095,
                    0.34010639786720276,
                    0.9875791072845459
                ],
                [
                    -0.026277737691998482,
                    0.9666813611984253,
                    0.2546301484107971,
                    0.4165954291820526
                ],
                [
                    -0.34509196877479553,
                    -0.24783144891262054,
                    0.905257523059845,
                    2.1569924354553223
                ],
                [
                    0.0,
                    0.0,
                    0.0,
                    1.0000001192092896
                ]
            ]
        },
        {
            "file_path": "end/train/rgba/0029.png",
            "time": 1.0,
            "transform_matrix": [
                [
                    0.9202069044113159,
                    -0.09953971952199936,
                    0.37856459617614746,
                    1.0639567375183105
                ],
                [
                    0.0014123674482107162,
                    0.9679644107818604,
                    0.2510833144187927,
                    0.41871023178100586
                ],
                [
                    -0.39142993092536926,
                    -0.23051393032073975,
                    0.890868067741394,
                    2.1313366889953613
                ],
                [
                    0.0,
                    0.0,
                    0.0,
                    1.0
                ]
            ]
        },
        {
            "file_path": "end/train/rgba/0030.png",
            "time": 1.0,
            "transform_matrix": [
                [
                    0.9080185890197754,
                    -0.11827390640974045,
                    0.40188759565353394,
                    1.1005473136901855
                ],
                [
                    0.015178085304796696,
                    0.9679772257804871,
                    0.25057870149612427,
                    0.42676007747650146
                ],
                [
                    -0.41865506768226624,
                    -0.2214302271604538,
                    0.8807364106178284,
                    2.1273856163024902
                ],
                [
                    0.0,
                    0.0,
                    0.0,
                    1.0
                ]
            ]
        },
        {
            "file_path": "end/train/rgba/0031.png",
            "time": 1.0,
            "transform_matrix": [
                [
                    0.9017823338508606,
                    -0.11674623191356659,
                    0.4161238670349121,
                    1.1264430284500122
                ],
                [
                    0.006977707147598267,
                    0.9666321277618408,
                    0.2560735046863556,
                    0.44011756777763367
                ],
                [
                    -0.43213438987731934,
                    -0.22801895439624786,
                    0.872506320476532,
                    2.1183903217315674
                ],
                [
                    0.0,
                    0.0,
                    0.0,
                    0.9999999403953552
                ]
            ]
        },
        {
            "file_path": "end/train/rgba/0032.png",
            "time": 1.0,
            "transform_matrix": [
                [
                    0.9333973526954651,
                    -0.09440064430236816,
                    0.34620487689971924,
                    1.1216932535171509
                ],
                [
                    8.547851030016318e-05,
                    0.9648355841636658,
                    0.2628539204597473,
                    0.4483462870121002
                ],
                [
                    -0.3588445484638214,
                    -0.24531757831573486,
                    0.9005830883979797,
                    2.102113723754883
                ],
                [
                    0.0,
                    0.0,
                    0.0,
                    0.9999998807907104
                ]
            ]
        },
        {
            "file_path": "end/train/rgba/0033.png",
            "time": 1.0,
            "transform_matrix": [
                [
                    0.9489134550094604,
                    -0.09518551081418991,
                    0.3008371591567993,
                    1.0174833536148071
                ],
                [
                    -0.002017470309510827,
                    0.9515650868415833,
                    0.30744075775146484,
                    0.4588432013988495
                ],
                [
                    -0.31553003191947937,
                    -0.2923416197299957,
                    0.9027608036994934,
                    2.097752571105957
                ],
                [
                    0.0,
                    0.0,
                    0.0,
                    0.9999999403953552
                ]
            ]
        },
        {
            "file_path": "end/train/rgba/0034.png",
            "time": 1.0,
            "transform_matrix": [
                [
                    0.96629798412323,
                    -0.12808799743652344,
                    0.22329725325107574,
                    0.8969464302062988
                ],
                [
                    0.05229604244232178,
                    0.9470098614692688,
                    0.31691858172416687,
                    0.5348422527313232
                ],
                [
                    -0.2520581781864166,
                    -0.2945602238178253,
                    0.921792209148407,
                    2.121481418609619
                ],
                [
                    0.0,
                    0.0,
                    0.0,
                    1.0
                ]
            ]
        },
        {
            "file_path": "end/train/rgba/0035.png",
            "time": 1.0,
            "transform_matrix": [
                [
                    0.9756130576133728,
                    -0.07427515089511871,
                    0.20654889941215515,
                    0.7545530796051025
                ],
                [
                    0.011683270335197449,
                    0.9572452902793884,
                    0.2890413999557495,
                    0.5894181728363037
                ],
                [
                    -0.21918663382530212,
                    -0.27957940101623535,
                    0.934768795967102,
                    2.160846710205078
                ],
                [
                    0.0,
                    0.0,
                    0.0,
                    1.0
                ]
            ]
        },
        {
            "file_path": "end/train/rgba/0036.png",
            "time": 1.0,
            "transform_matrix": [
                [
                    0.9831430912017822,
                    -0.02870311215519905,
                    0.18057064712047577,
                    0.6144186854362488
                ],
                [
                    -0.030222957953810692,
                    0.9485023021697998,
                    0.3153251111507416,
                    0.59944748878479
                ],
                [
                    -0.18032249808311462,
                    -0.31546708941459656,
                    0.9316460490226746,
                    2.1610379219055176
                ],
                [
                    0.0,
                    0.0,
                    0.0,
                    1.0
                ]
            ]
        },
        {
            "file_path": "end/train/rgba/0037.png",
            "time": 1.0,
            "transform_matrix": [
                [
                    0.9811176657676697,
                    -0.02676602080464363,
                    0.1915503740310669,
                    0.5212868452072144
                ],
                [
                    -0.03494889661669731,
                    0.9495407342910767,
                    0.31169039011001587,
                    0.6055000424385071
                ],
                [
                    -0.1902277022600174,
                    -0.312499463558197,
                    0.9306758046150208,
                    2.1036605834960938
                ],
                [
                    0.0,
                    0.0,
                    0.0,
                    0.9999999403953552
                ]
            ]
        },
        {
            "file_path": "end/train/rgba/0038.png",
            "time": 1.0,
            "transform_matrix": [
                [
                    0.9893137812614441,
                    0.0039021093398332596,
                    0.14575056731700897,
                    0.3904326856136322
                ],
                [
                    -0.04852721840143204,
                    0.9514622092247009,
                    0.30391597747802734,
                    0.6073272824287415
                ],
                [
                    -0.13749034702777863,
                    -0.30774110555648804,
                    0.9414839148521423,
                    2.0959465503692627
                ],
                [
                    0.0,
                    0.0,
                    0.0,
                    1.0000001192092896
                ]
            ]
        },
        {
            "file_path": "end/train/rgba/0039.png",
            "time": 1.0,
            "transform_matrix": [
                [
                    0.9901772141456604,
                    0.025224002078175545,
                    0.13752375543117523,
                    0.24351686239242554
                ],
                [
                    -0.06772053986787796,
                    0.9470416307449341,
                    0.31388869881629944,
                    0.6061046123504639
                ],
                [
                    -0.12232332676649094,
                    -0.32011863589286804,
                    0.9394472241401672,
                    2.0982418060302734
                ],
                [
                    0.0,
                    0.0,
                    0.0,
                    1.0
                ]
            ]
        },
        {
            "file_path": "end/train/rgba/0040.png",
            "time": 1.0,
            "transform_matrix": [
                [
                    0.9893116354942322,
                    -0.006677872501313686,
                    0.1456635594367981,
                    0.19911278784275055
                ],
                [
                    -0.03729163855314255,
                    0.9541434049606323,
                    0.2970179617404938,
                    0.5909839272499084
                ],
                [
                    -0.1409674733877182,
                    -0.29927533864974976,
                    0.9436962008476257,
                    2.026376485824585
                ],
                [
                    0.0,
                    0.0,
                    0.0,
                    1.0000001192092896
                ]
            ]
        },
        {
            "file_path": "end/train/rgba/0041.png",
            "time": 1.0,
            "transform_matrix": [
                [
                    0.9962515234947205,
                    0.006766083184629679,
                    0.08623822033405304,
                    0.09618349373340607
                ],
                [
                    -0.03137727454304695,
                    0.957304835319519,
                    0.287372350692749,
                    0.5866401791572571
                ],
                [
                    -0.08061191439628601,
                    -0.28900107741355896,
                    0.9539287686347961,
                    1.9541516304016113
                ],
                [
                    0.0,
                    0.0,
                    0.0,
                    0.9999999403953552
                ]
            ]
        },
        {
            "file_path": "end/train/rgba/0042.png",
            "time": 1.0,
            "transform_matrix": [
                [
                    0.9983839988708496,
                    0.05048473924398422,
                    0.026087602600455284,
                    -0.11461813002824783
                ],
                [
                    -0.0558025985956192,
                    0.9577395915985107,
                    0.28217169642448425,
                    0.6071141958236694
                ],
                [
                    -0.010739852674305439,
                    -0.28317147493362427,
                    0.9590091109275818,
                    1.9139728546142578
                ],
                [
                    0.0,
                    0.0,
                    0.0,
                    1.0
                ]
            ]
        },
        {
            "file_path": "end/train/rgba/0043.png",
            "time": 1.0,
            "transform_matrix": [
                [
                    0.9996548891067505,
                    0.017121650278568268,
                    0.01992197521030903,
                    -0.19868707656860352
                ],
                [
                    -0.022064251825213432,
                    0.9588389992713928,
                    0.28309157490730286,
                    0.6015244126319885
                ],
                [
                    -0.014255054295063019,
                    -0.2834334671497345,
                    0.958885908126831,
                    1.8787412643432617
                ],
                [
                    0.0,
                    0.0,
                    0.0,
                    0.9999999403953552
                ]
            ]
        },
        {
            "file_path": "end/train/rgba/0044.png",
            "time": 1.0,
            "transform_matrix": [
                [
                    0.999664843082428,
                    0.0032512852922081947,
                    -0.0256839320063591,
                    -0.2605352997779846
                ],
                [
                    0.0038279322907328606,
                    0.9626152515411377,
                    0.2708456814289093,
                    0.5911359786987305
                ],
                [
                    0.02560427598655224,
                    -0.2708532214164734,
                    0.9622802138328552,
                    1.8595409393310547
                ],
                [
                    0.0,
                    0.0,
                    0.0,
                    1.0
                ]
            ]
        },
        {
            "file_path": "end/train/rgba/0045.png",
