{
    "camera_angle_x": 1.0802594690283018,
    "camera_angle_y": 0.845216305688745,
    "frames": [
        {
            "file_path": "start/train/rgba/0000.png",
            "time": 0.0,
            "transform_matrix": [
                [
                    0.835087239742279,
                    -0.3069179952144623,
                    0.4565421938896179,
                    1.5342351198196411
                ],
                [
                    0.017870211973786354,
                    0.8445958495140076,
                    0.5351061224937439,
                    0.7616118788719177
                ],
                [
                    -0.5498274564743042,
                    -0.43870171904563904,
                    0.7107957601547241,
                    0.32964086532592773
                ],
                [
                    0.0,
                    0.0,
                    0.0,
                    0.9999999403953552
                ]
            ]
        },
        {
            "file_path": "start/train/rgba/0001.png",
            "time": 0.0,
            "transform_matrix": [
                [
                    0.83293217420578,
                    -0.30602651834487915,
                    0.4610549509525299,
                    1.5361863374710083
                ],
                [
                    0.014633857645094395,
                    0.8450588583946228,
                    0.5344730019569397,
                    0.762279212474823
                ],
                [
                    -0.5531815886497498,
                    -0.4384327232837677,
                    0.7083550691604614,
                    0.33031660318374634
                ],
                [
                    0.0,
                    0.0,
                    0.0,
                    0.9999999403953552
                ]
            ]
        },
        {
            "file_path": "start/train/rgba/0002.png",
            "time": 0.0,
            "transform_matrix": [
                [
                    0.83054119348526,
                    -0.3051251769065857,
                    0.46593984961509705,
                    1.5390560626983643
                ],
                [
                    0.011515586636960506,
                    0.8458098769187927,
                    0.5333601832389832,
                    0.7626805305480957
                ],
                [
                    -0.5568382143974304,
                    -0.43761196732521057,
                    0.7059935927391052,
                    0.32889196276664734
                ],
                [
                    0.0,
                    0.0,
                    0.0,
                    1.0
                ]
            ]
        },
        {
            "file_path": "start/train/rgba/0003.png",
            "time": 0.0,
            "transform_matrix": [
                [
                    0.8264315128326416,
                    -0.3073784410953522,
                    0.4717303514480591,
                    1.5381245613098145
                ],
                [
                    0.010568766854703426,
                    0.8461527228355408,
                    0.5328357219696045,
                    0.763758659362793
                ],
                [
                    -0.5629382133483887,
                    -0.43536654114723206,
                    0.70253586769104,
                    0.326572984457016
                ],
                [
                    0.0,
                    0.0,
                    0.0,
                    1.0
                ]
            ]
        },
        {
            "file_path": "start/train/rgba/0004.png",
            "time": 0.0,
            "transform_matrix": [
                [
                    0.8248378038406372,
                    -0.3089806139469147,
                    0.47346973419189453,
                    1.5354372262954712
                ],
                [
                    0.011233259923756123,
                    0.846243143081665,
                    0.532678484916687,
                    0.7630826830863953
                ],
                [
                    -0.5652579665184021,
                    -0.4340546429157257,
                    0.7014840841293335,
                    0.3257577121257782
                ],
                [
                    0.0,
                    0.0,
                    0.0,
                    0.9999999403953552
                ]
            ]
        },
        {
            "file_path": "start/train/rgba/0005.png",
            "time": 0.0,
            "transform_matrix": [
                [
                    0.8229169845581055,
                    -0.31137728691101074,
                    0.475238561630249,
                    1.5365179777145386
                ],
                [
                    0.012334058061242104,
                    0.8460431098937988,
                    0.5329716801643372,
                    0.7623224258422852
                ],
                [
                    -0.5680278539657593,
                    -0.4327297508716583,
                    0.7000637054443359,
                    0.32281649112701416
                ],
                [
                    0.0,
                    0.0,
                    0.0,
                    0.9999998807907104
                ]
            ]
        },
        {
            "file_path": "start/train/rgba/0006.png",
            "time": 0.0,
            "transform_matrix": [
                [
                    0.8149535655975342,
                    -0.32321596145629883,
                    0.4810220003128052,
                    1.5478978157043457
                ],
                [
                    0.017678361386060715,
                    0.8435049653053284,
                    0.5368303656578064,
                    0.7590498924255371
                ],
                [
                    -0.5792566537857056,
                    -0.4289880692958832,
                    0.6931312680244446,
                    0.3114336133003235
                ],
                [
                    0.0,
                    0.0,
                    0.0,
                    0.9999998807907104
                ]
            ]
        },
        {
            "file_path": "start/train/rgba/0007.png",
            "time": 0.0,
            "transform_matrix": [
                [
                    0.780143678188324,
                    -0.34824898838996887,
                    0.5197100043296814,
                    1.571683645248413
                ],
                [
                    0.014826128259301186,
                    0.8407965898513794,
                    0.5411481261253357,
                    0.7571458220481873
                ],
                [
                    -0.6254248023033142,
                    -0.4144679307937622,
                    0.661105215549469,
                    0.2990753650665283
                ],
                [
                    0.0,
                    0.0,
                    0.0,
                    0.9999999403953552
                ]
            ]
        },
        {
            "file_path": "start/train/rgba/0008.png",
            "time": 0.0,
            "transform_matrix": [
                [
                    0.7358927726745605,
                    -0.37225958704948425,
                    0.5655834674835205,
                    1.5910749435424805
                ],
                [
                    0.008750305511057377,
                    0.8404638171195984,
                    0.5417970418930054,
                    0.7577707767486572
                ],
                [
                    -0.6770417094230652,
                    -0.3937554359436035,
                    0.6217485070228577,
                    0.29013127088546753
                ],
                [
                    0.0,
                    0.0,
                    0.0,
                    1.0000001192092896
                ]
            ]
        },
        {
            "file_path": "start/train/rgba/0009.png",
            "time": 0.0,
            "transform_matrix": [
                [
                    0.6939172744750977,
                    -0.3906138837337494,
                    0.6048964262008667,
                    1.5957107543945312
                ],
                [
                    0.006556438747793436,
                    0.8434627652168274,
                    0.537147581577301,
                    0.7626752853393555
                ],
                [
                    -0.7200250029563904,
                    -0.36876988410949707,
                    0.587854266166687,
                    0.29293063282966614
                ],
                [
                    0.0,
                    0.0,
                    0.0,
                    1.0
                ]
            ]
        },
        {
            "file_path": "start/train/rgba/0010.png",
            "time": 0.0,
            "transform_matrix": [
                [
                    0.6581175327301025,
                    -0.3933263123035431,
                    0.6420091390609741,
                    1.6072498559951782
                ],
                [
                    -0.006851087789982557,
                    0.8495340347290039,
                    0.5274892449378967,
                    0.7698268294334412
                ],
                [
                    -0.7528840899467468,
                    -0.35154831409454346,
                    0.5563984513282776,
                    0.2955814301967621
                ],
                [
                    0.0,
                    0.0,
                    0.0,
                    0.9999999403953552
                ]
            ]
        },
        {
            "file_path": "start/train/rgba/0011.png",
            "time": 0.0,
            "transform_matrix": [
                [
                    0.625385582447052,
                    -0.40262943506240845,
                    0.6684178709983826,
                    1.6181614398956299
                ],
                [
                    -0.01773352175951004,
                    0.8490444421768188,
                    0.5280237793922424,
                    0.7750344276428223
                ],
                [
                    -0.7801145315170288,
                    -0.3420717716217041,
                    0.5238399505615234,
                    0.3025645613670349
                ],
                [
                    0.0,
                    0.0,
                    0.0,
                    1.0
                ]
            ]
        },
        {
            "file_path": "start/train/rgba/0012.png",
            "time": 0.0,
            "transform_matrix": [
                [
                    0.6271004676818848,
                    -0.39154234528541565,
                    0.6733792424201965,
                    1.6121959686279297
                ],
                [
                    -0.03056577779352665,
                    0.8514481782913208,
                    0.5235472917556763,
                    0.7896512746810913
                ],
                [
                    -0.7783385515213013,
                    -0.3488990366458893,
                    0.5219756364822388,
                    0.29560768604278564
                ],
                [
                    0.0,
                    0.0,
                    0.0,
                    1.0
                ]
            ]
        },
        {
            "file_path": "start/train/rgba/0013.png",
            "time": 0.0,
            "transform_matrix": [
                [
                    0.6842179298400879,
                    -0.39952972531318665,
                    0.6100998520851135,
                    1.5642141103744507
                ],
                [
                    -0.007049121893942356,
                    0.8329188227653503,
                    0.5533504486083984,
                    0.7986665964126587
                ],
                [
                    -0.7292436361312866,
                    -0.38291284441947937,
                    0.5670815110206604,
                    0.29419273138046265
                ],
                [
                    0.0,
                    0.0,
                    0.0,
                    0.9999998807907104
                ]
            ]
        },
        {
            "file_path": "start/train/rgba/0014.png",
            "time": 0.0,
            "transform_matrix": [
                [
                    0.7763541340827942,
                    -0.3487580716609955,
                    0.5250163674354553,
                    1.444117546081543
                ],
                [
                    -0.01606791280210018,
                    0.8217448592185974,
                    0.5696290731430054,
                    0.7984437942504883
                ],
                [
                    -0.6300923228263855,
                    -0.45066970586776733,
                    0.6323610544204712,
                    0.33633434772491455
                ],
                [
                    0.0,
                    0.0,
                    0.0,
                    1.0
                ]
            ]
        },
        {
            "file_path": "start/train/rgba/0015.png",
            "time": 0.0,
            "transform_matrix": [
                [
                    0.8757224678993225,
                    -0.2785854935646057,
                    0.39433524012565613,
                    1.3438243865966797
                ],
                [
                    0.0007806717767380178,
                    0.8175581693649292,
                    0.57584547996521,
                    0.8008160591125488
                ],
                [
                    -0.48281431198120117,
                    -0.5039729475975037,
                    0.7161715030670166,
                    0.3861279785633087
                ],
                [
                    0.0,
                    0.0,
                    0.0,
                    1.0
                ]
            ]
        },
        {
            "file_path": "start/train/rgba/0016.png",
            "time": 0.0,
            "transform_matrix": [
                [
                    0.9210480451583862,
                    -0.250014990568161,
                    0.2986016869544983,
                    1.2690536975860596
                ],
                [
                    0.025314707309007645,
                    0.8035417199134827,
                    0.5947099924087524,
                    0.7917604446411133
                ],
                [
                    -0.38862547278404236,
                    -0.5401974320411682,
                    0.7464295029640198,
                    0.4218260943889618
                ],
                [
                    0.0,
                    0.0,
                    0.0,
                    1.0
                ]
            ]
        },
        {
            "file_path": "start/train/rgba/0017.png",
            "time": 0.0,
            "transform_matrix": [
                [
                    0.9495508074760437,
                    -0.2037447988986969,
                    0.23841440677642822,
                    1.2120331525802612
                ],
                [
                    0.025733422487974167,
                    0.8082728385925293,
                    0.5882454514503479,
                    0.7787870168685913
                ],
                [
                    -0.31255602836608887,
                    -0.5524336695671082,
                    0.7727391123771667,
                    0.406139999628067
                ],
                [
                    0.0,
                    0.0,
                    0.0,
                    1.0
                ]
            ]
        },
        {
            "file_path": "start/train/rgba/0018.png",
            "time": 0.0,
            "transform_matrix": [
                [
                    0.9729541540145874,
                    -0.14674228429794312,
                    0.17840097844600677,
                    1.1242711544036865
                ],
                [
                    0.005558287259191275,
                    0.7869527339935303,
                    0.6169881820678711,
                    0.7684943675994873
                ],
                [
                    -0.2309315800666809,
                    -0.5993096232414246,
                    0.7664845585823059,
                    0.36010387539863586
                ],
                [
                    0.0,
                    0.0,
                    0.0,
                    1.0
                ]
            ]
        },
        {
            "file_path": "start/train/rgba/0019.png",
            "time": 0.0,
            "transform_matrix": [
                [
                    0.9989418983459473,
                    -0.032842960208654404,
                    0.032191719859838486,
                    1.023058295249939
                ],
                [
                    0.006335290148854256,
                    0.7915925979614258,
                    0.6110163331031799,
                    0.7635771632194519
                ],
                [
                    -0.04555048793554306,
                    -0.6101658940315247,
                    0.7909631133079529,
                    0.38408902287483215
                ],
                [
                    0.0,
                    0.0,
                    0.0,
                    0.9999999403953552
                ]
            ]
        },
        {
            "file_path": "start/train/rgba/0020.png",
            "time": 0.0,
            "transform_matrix": [
                [
                    0.9947654604911804,
                    0.03429171070456505,
                    -0.09625875949859619,
                    0.8983835577964783
                ],
                [
                    0.02907826565206051,
                    0.8080666065216064,
                    0.5883730053901672,
                    0.766476035118103
                ],
                [
                    0.09795961529016495,
                    -0.5880920886993408,
                    0.8028397560119629,
                    0.43187883496284485
                ],
                [
                    0.0,
                    0.0,
                    0.0,
                    1.0
                ]
            ]
        },
        {
            "file_path": "start/train/rgba/0021.png",
            "time": 0.0,
            "transform_matrix": [
                [
                    0.9809891581535339,
                    0.07589492201805115,
                    -0.1786065399646759,
                    0.8144501447677612
                ],
                [
                    0.04361025616526604,
                    0.8105999827384949,
                    0.5839741826057434,
                    0.7615081071853638
                ],
                [
                    0.18909896910190582,
                    -0.5806612968444824,
                    0.7918800115585327,
                    0.38221481442451477
                ],
                [
                    0.0,
                    0.0,
                    0.0,
                    1.0
                ]
            ]
        },
        {
            "file_path": "start/train/rgba/0022.png",
            "time": 0.0,
            "transform_matrix": [
                [
                    0.9460562467575073,
                    0.15808309614658356,
                    -0.282820463180542,
                    0.7416566610336304
                ],
                [
                    0.040062371641397476,
                    0.8091226816177368,
                    0.5862725973129272,
                    0.7618709206581116
                ],
                [
                    0.3215160071849823,
                    -0.565977156162262,
                    0.7591423988342285,
                    0.3068510890007019
                ],
                [
                    0.0,
                    0.0,
                    0.0,
                    0.9999999403953552
                ]
            ]
        },
        {
            "file_path": "start/train/rgba/0023.png",
            "time": 0.0,
            "transform_matrix": [
                [
                    0.8934532403945923,
                    0.2296757847070694,
                    -0.3859926760196686,
                    0.6538078188896179
                ],
                [
                    0.049067020416259766,
                    0.8043203353881836,
                    0.5921666026115417,
                    0.7640290260314941
                ],
                [
                    0.44646790623664856,
                    -0.5480127334594727,
                    0.7073531746864319,
                    0.26301926374435425
                ],
                [
                    0.0,
                    0.0,
                    0.0,
                    1.0
                ]
            ]
        },
        {
            "file_path": "start/train/rgba/0024.png",
            "time": 0.0,
            "transform_matrix": [
                [
                    0.7796874046325684,
                    0.36292722821235657,
                    -0.5102660655975342,
                    0.5631174445152283
                ],
                [
                    0.027774661779403687,
                    0.7940544486045837,
                    0.607211709022522,
                    0.7620342373847961
                ],
                [
                    0.6255525946617126,
                    -0.48760777711868286,
                    0.6090341210365295,
                    0.21521054208278656
                ],
                [
                    0.0,
                    0.0,
                    0.0,
                    0.9999999403953552
                ]
            ]
        },
        {
            "file_path": "start/train/rgba/0025.png",
            "time": 0.0,
            "transform_matrix": [
                [
                    0.7299903035163879,
                    0.39409947395324707,
                    -0.5583903789520264,
                    0.5562800765037537
                ],
                [
                    0.002388391410931945,
                    0.8155322074890137,
                    0.5787068009376526,
                    0.7693285942077637
                ],
                [
                    0.6834531426429749,
                    -0.4237840175628662,
                    0.5943894386291504,
                    0.24256515502929688
                ],
                [
                    0.0,
                    0.0,
                    0.0,
                    1.0
                ]
            ]
        },
        {
            "file_path": "start/train/rgba/0026.png",
            "time": 0.0,
            "transform_matrix": [
                [
                    0.7992281913757324,
                    0.32112202048301697,
                    -0.5080500245094299,
                    0.5822955369949341
                ],
                [
                    -0.0026153286453336477,
                    0.8471524715423584,
                    0.531343400478363,
                    0.7648210525512695
                ],
                [
                    0.6010217070579529,
                    -0.42333605885505676,
                    0.677908182144165,
                    0.3521233797073364
                ],
                [
                    0.0,
                    0.0,
                    0.0,
                    1.0
                ]
            ]
        },
        {
            "file_path": "start/train/rgba/0027.png",
            "time": 0.0,
            "transform_matrix": [
                [
                    0.8192511200904846,
                    0.2757871448993683,
                    -0.5027613639831543,
                    0.5356560349464417
                ],
                [
                    0.010306981392204762,
                    0.8695304989814758,
                    0.49377167224884033,
                    0.7379214763641357
                ],
                [
                    0.5733420252799988,
                    -0.4097049832344055,
                    0.7095214128494263,
                    0.4346674382686615
                ],
                [
                    0.0,
                    0.0,
                    0.0,
                    1.0
                ]
            ]
        },
        {
            "file_path": "start/train/rgba/0028.png",
            "time": 0.0,
            "transform_matrix": [
                [
                    0.7934237122535706,
                    0.28949376940727234,
                    -0.5354178547859192,
                    0.45817145705223083
                ],
                [
                    0.004311454016715288,
                    0.876957356929779,
                    0.4805488884449005,
                    0.6979141235351562
                ],
                [
                    0.6086543798446655,
                    -0.3835873603820801,
                    0.6945507526397705,
                    0.4895346462726593
                ],
                [
                    0.0,
                    0.0,
                    0.0,
                    1.0
                ]
            ]
        },
        {
            "file_path": "start/train/rgba/0029.png",
            "time": 0.0,
            "transform_matrix": [
                [
                    0.7889772653579712,
                    0.28570783138275146,
                    -0.5439539551734924,
                    0.45476436614990234
                ],
                [
                    -0.021178729832172394,
                    0.897429347038269,
                    0.44064950942993164,
                    0.6884527206420898
                ],
                [
                    0.6140571236610413,
                    -0.3361422121524811,
                    0.7141025066375732,
                    0.547200083732605
                ],
                [
                    0.0,
                    0.0,
                    0.0,
                    1.0
                ]
            ]
        },
        {
            "file_path": "start/train/rgba/0030.png",
            "time": 0.0,
            "transform_matrix": [
                [
                    0.8405436277389526,
                    0.2283661812543869,
                    -0.4912589192390442,
                    0.5018482804298401
                ],
                [
                    -0.012847593054175377,
                    0.914958119392395,
                    0.40334436297416687,
                    0.6673446893692017
                ],
                [
                    0.5415912866592407,
                    -0.33271706104278564,
                    0.771996259689331,
                    0.6296887397766113
                ],
                [
                    0.0,
                    0.0,
                    0.0,
                    1.0
                ]
            ]
        },
        {
            "file_path": "start/train/rgba/0031.png",
            "time": 0.0,
            "transform_matrix": [
                [
                    0.8925773501396179,
                    0.2006857693195343,
                    -0.40377077460289,
                    0.5679005980491638
                ],
                [
                    -0.0328657291829586,
                    0.9220641255378723,
                    0.38563936948776245,
                    0.6448163390159607
                ],
                [
                    0.4496947228908539,
                    -0.3309427797794342,
                    0.8296092748641968,
                    0.7397321462631226
                ],
                [
                    0.0,
                    0.0,
                    0.0,
                    0.9999999403953552
                ]
            ]
        },
        {
            "file_path": "start/train/rgba/0032.png",
            "time": 0.0,
            "transform_matrix": [
                [
                    0.9212333559989929,
                    0.1907683163881302,
                    -0.33902299404144287,
                    0.6555202007293701
                ],
                [
                    -0.04516187682747841,
                    0.9180555939674377,
                    0.39387091994285583,
                    0.6340168714523315
                ],
                [
                    0.38637983798980713,
                    -0.3475361168384552,
                    0.8543589115142822,
                    0.8022720813751221
                ],
                [
                    0.0,
                    0.0,
                    0.0,
                    1.0
                ]
            ]
        },
        {
            "file_path": "start/train/rgba/0033.png",
            "time": 0.0,
            "transform_matrix": [
                [
                    0.9382870197296143,
                    0.1602240949869156,
                    -0.30650559067726135,
                    0.7314310669898987
                ],
                [
                    -0.018338551744818687,
                    0.908020555973053,
                    0.41852399706840515,
                    0.6258000135421753
                ],
                [
                    0.3453708589076996,
                    -0.3870747685432434,
                    0.8549222350120544,
                    0.7615436315536499
                ],
                [
                    0.0,
                    0.0,
                    0.0,
                    1.0
                ]
            ]
        },
        {
            "file_path": "start/train/rgba/0034.png",
            "time": 0.0,
            "transform_matrix": [
                [
                    0.9654092788696289,
                    0.12941214442253113,
                    -0.22635696828365326,
                    0.8289265632629395
                ],
                [
                    -0.0184463057667017,
                    0.8998586535453796,
                    0.43579134345054626,
                    0.6167179942131042
                ],
                [
                    0.260085791349411,
                    -0.41654154658317566,
                    0.8711190819740295,
                    0.6931532621383667
                ],
                [
                    0.0,
                    0.0,
                    0.0,
                    0.9999999403953552
                ]
            ]
        },
        {
            "file_path": "start/train/rgba/0035.png",
            "time": 0.0,
            "transform_matrix": [
                [
                    0.9795551896095276,
                    0.10023204237222672,
                    -0.17442861199378967,
                    0.8901381492614746
                ],
                [
                    -0.01595127582550049,
                    0.9030119180679321,
                    0.4293193221092224,
                    0.6204004287719727
                ],
                [
                    0.20054244995117188,
                    -0.41775959730148315,
                    0.8861488103866577,
                    0.6576511859893799
                ],
                [
                    0.0,
                    0.0,
                    0.0,
                    1.0
                ]
            ]
        },
        {
            "file_path": "start/train/rgba/0036.png",
            "time": 0.0,
            "transform_matrix": [
                [
                    0.9951866865158081,
                    0.06149202957749367,
                    -0.0763028934597969,
                    0.9980766773223877
                ],
                [
                    -0.024796439334750175,
                    0.9112980961799622,
                    0.4109998345375061,
                    0.6262810826301575
                ],
                [
                    0.09480772912502289,
                    -0.40712958574295044,
                    0.9084365367889404,
                    0.6921248435974121
                ],
                [
                    0.0,
                    0.0,
                    0.0,
                    0.9999999403953552
                ]
            ]
        },
        {
            "file_path": "start/train/rgba/0037.png",
            "time": 0.0,
            "transform_matrix": [
                [
                    0.9988948702812195,
                    0.026287412270903587,
                    0.038958873599767685,
                    1.1855789422988892
                ],
                [
                    -0.03996953368186951,
                    0.9112277626991272,
                    0.40995901823043823,
                    0.6343554258346558
                ],
                [
                    -0.0247238427400589,
                    -0.41106313467025757,
                    0.9112715125083923,
                    0.7402790784835815
                ],
                [
                    0.0,
                    0.0,
                    0.0,
                    1.0
                ]
            ]
        },
        {
            "file_path": "start/train/rgba/0038.png",
            "time": 0.0,
            "transform_matrix": [
                [
                    0.9939934611320496,
                    0.007455471903085709,
                    0.10918482393026352,
                    1.2674474716186523
                ],
                [
                    -0.05255264788866043,
                    0.9076380729675293,
                    0.4164508283138275,
                    0.6269677877426147
                ],
                [
                    -0.09599564224481583,
                    -0.4196873605251312,
                    0.9025781750679016,
                    0.7272325754165649
                ],
                [
                    0.0,
                    0.0,
                    0.0,
                    1.0
                ]
            ]
        },
        {
            "file_path": "start/train/rgba/0039.png",
            "time": 0.0,
            "transform_matrix": [
                [
                    0.9779211282730103,
                    -0.04389806464314461,
                    0.204311341047287,
                    1.3489530086517334
                ],
                [
                    -0.04745735973119736,
                    0.9054909348487854,
                    0.4217037856578827,
                    0.624603271484375
                ],
                [
                    -0.2035142034292221,
                    -0.422089159488678,
                    0.8834154009819031,
                    0.6315948963165283
                ],
                [
                    0.0,
                    0.0,
                    0.0,
                    1.0
                ]
            ]
        },
        {
            "file_path": "start/train/rgba/0040.png",
            "time": 0.0,
            "transform_matrix": [
                [
                    0.9357664585113525,
                    -0.13166065514087677,
                    0.32711851596832275,
                    1.404353141784668
                ],
                [
                    -0.031997200101614,
                    0.8921476602554321,
                    0.4506092965602875,
                    0.6164249181747437
                ],
                [
                    -0.351165771484375,
                    -0.43213197588920593,
                    0.8306289911270142,
                    0.5522279739379883
                ],
                [
                    0.0,
                    0.0,
                    0.0,
                    1.0
                ]
            ]
        },
        {
            "file_path": "start/train/rgba/0041.png",
            "time": 0.0,
            "transform_matrix": [
                [
                    0.8784091472625732,
                    -0.1763593852519989,
                    0.44417864084243774,
                    1.4696847200393677
                ],
                [
                    -0.03644726052880287,
                    0.9019924998283386,
                    0.4302107095718384,
                    0.6304751634597778
                ],
                [
                    -0.4765176773071289,
                    -0.39409008622169495,
                    0.785890519618988,
                    0.5241526365280151
                ],
                [
                    0.0,
                    0.0,
                    0.0,
                    1.0
                ]
            ]
        },
        {
            "file_path": "start/train/rgba/0042.png",
            "time": 0.0,
            "transform_matrix": [
                [
                    0.7815489768981934,
                    -0.24154767394065857,
                    0.5751832723617554,
                    1.6038286685943604
                ],
                [
                    -0.01689087226986885,
                    0.9134675860404968,
                    0.40656086802482605,
                    0.639327883720398
                ],
                [
                    -0.6236152648925781,
                    -0.3274625539779663,
                    0.7098395824432373,
                    0.49531200528144836
                ],
                [
                    0.0,
                    0.0,
                    0.0,
                    1.0
                ]
            ]
        },
        {
            "file_path": "start/train/rgba/0043.png",
            "time": 0.0,
            "transform_matrix": [
                [
                    0.7265995144844055,
                    -0.2535707652568817,
                    0.6385568976402283,
                    1.6975219249725342
                ],
                [
                    -0.037923578172922134,
                    0.9131847023963928,
                    0.4057776927947998,
                    0.6500663757324219
                ],
                [
                    -0.6860138773918152,
                    -0.3190542161464691,
                    0.653903067111969,
                    0.4698590934276581
                ],
                [
                    0.0,
                    0.0,
                    0.0,
                    1.0
                ]
            ]
        },
        {
            "file_path": "start/train/rgba/0044.png",
            "time": 0.0,
            "transform_matrix": [
                [
                    0.723118782043457,
                    -0.258779376745224,
                    0.6404160261154175,
                    1.6999759674072266
                ],
                [
                    -0.04756616801023483,
                    0.9063091278076172,
                    0.4199303090572357,
                    0.6488454341888428
                ],
                [
                    -0.6890842318534851,
                    -0.3341215252876282,
                    0.6430597901344299,
                    0.41644567251205444
                ],
                [
                    0.0,
                    0.0,
                    0.0,
                    1.0000001192092896
                ]
            ]
        },
        {
            "file_path": "start/train/rgba/0045.png",
            "time": 0.0,
            "transform_matrix": [
                [
                    0.707517147064209,
