{
    "camera_angle_x": 1.0802594690283018,
    "camera_angle_y": 0.845216305688745,
    "frames": [
        {
            "file_path": "end/train/rgba/0000.png",
            "time": 1.0,
            "transform_matrix": [
                [
                    0.9490172863006592,
                    -0.11696484684944153,
                    0.29272058606147766,
                    1.468773603439331
                ],
                [
                    -0.030894435942173004,
                    0.8896288275718689,
                    0.4556381106376648,
                    0.8842818140983582
                ],
                [
                    -0.31370651721954346,
                    -0.44145190715789795,
                    0.8406594395637512,
                    0.9377956986427307
                ],
                [
                    0.0,
                    0.0,
                    0.0,
                    0.9999999403953552
                ]
            ]
        },
        {
            "file_path": "end/train/rgba/0001.png",
            "time": 1.0,
            "transform_matrix": [
                [
                    0.9475137591362,
                    -0.11177254468202591,
                    0.29954075813293457,
                    1.4362517595291138
                ],
                [
                    -0.05349205434322357,
                    0.8682702779769897,
                    0.4931991398334503,
                    0.8964776992797852
                ],
                [
                    -0.3152086138725281,
                    -0.4833360016345978,
                    0.8167189955711365,
                    0.8768329620361328
                ],
                [
                    0.0,
                    0.0,
                    0.0,
                    1.0
                ]
            ]
        },
        {
            "file_path": "end/train/rgba/0002.png",
            "time": 1.0,
            "transform_matrix": [
                [
                    0.9302994012832642,
                    -0.13740980625152588,
                    0.340090274810791,
                    1.4434014558792114
                ],
                [
                    -0.06621479988098145,
                    0.8490351438522339,
                    0.5241706967353821,
                    0.9010301828384399
                ],
                [
                    -0.360774964094162,
                    -0.5101547241210938,
                    0.7807583212852478,
                    0.7363471388816833
                ],
                [
                    0.0,
                    0.0,
                    0.0,
                    0.9999998807907104
                ]
            ]
        },
        {
            "file_path": "end/train/rgba/0003.png",
            "time": 1.0,
            "transform_matrix": [
                [
                    0.8976410031318665,
                    -0.2110648900270462,
                    0.3869008421897888,
                    1.435763955116272
                ],
                [
                    -0.04979468882083893,
                    0.8236784934997559,
                    0.5648666024208069,
                    0.8872431516647339
                ],
                [
                    -0.43790555000305176,
                    -0.5263128876686096,
                    0.7288575172424316,
                    0.5916218757629395
                ],
                [
                    0.0,
                    0.0,
                    0.0,
                    1.0
                ]
            ]
        },
        {
            "file_path": "end/train/rgba/0004.png",
            "time": 1.0,
            "transform_matrix": [
                [
                    0.8857885003089905,
                    -0.24942059814929962,
                    0.3913668394088745,
                    1.3811674118041992
                ],
                [
                    -0.04026467353105545,
                    0.7988179922103882,
                    0.6002237796783447,
                    0.8640531301498413
                ],
                [
                    -0.4623391926288605,
                    -0.5474295616149902,
                    0.6975409388542175,
                    0.4816034734249115
                ],
                [
                    0.0,
                    0.0,
                    0.0,
                    1.0
                ]
            ]
        },
        {
            "file_path": "end/train/rgba/0005.png",
            "time": 1.0,
            "transform_matrix": [
                [
                    0.878454327583313,
                    -0.28875085711479187,
                    0.38071122765541077,
                    1.2992578744888306
                ],
                [
                    -0.017843926325440407,
                    0.7763764262199402,
                    0.6300168037414551,
                    0.841111958026886
                ],
                [
                    -0.47749316692352295,
                    -0.5602342486381531,
                    0.6768587231636047,
                    0.37645140290260315
                ],
                [
                    0.0,
                    0.0,
                    0.0,
                    0.9999999403953552
                ]
            ]
        },
        {
            "file_path": "end/train/rgba/0006.png",
            "time": 1.0,
            "transform_matrix": [
                [
                    0.8556454181671143,
                    -0.3148321807384491,
                    0.41079381108283997,
                    1.3033349514007568
                ],
                [
                    -0.026575230062007904,
                    0.7659363746643066,
                    0.6423669457435608,
                    0.8270831108093262
                ],
                [
                    -0.5168797969818115,
                    -0.5605552196502686,
                    0.647003173828125,
                    0.314651221036911
                ],
                [
                    0.0,
                    0.0,
                    0.0,
                    1.0
                ]
            ]
        },
        {
            "file_path": "end/train/rgba/0007.png",
            "time": 1.0,
            "transform_matrix": [
                [
                    0.7946316003799438,
                    -0.3993254601955414,
                    0.45727434754371643,
                    1.352842926979065
                ],
                [
                    0.004867399577051401,
                    0.7573873400688171,
                    0.6529477834701538,
                    0.807497501373291
                ],
                [
                    -0.6070725917816162,
                    -0.5166271328926086,
                    0.6037874817848206,
                    0.25386491417884827
                ],
                [
                    0.0,
                    0.0,
                    0.0,
                    1.0
                ]
            ]
        },
        {
            "file_path": "end/train/rgba/0008.png",
            "time": 1.0,
            "transform_matrix": [
                [
                    0.7541635632514954,
                    -0.4099597930908203,
                    0.5130012035369873,
                    1.398605227470398
                ],
                [
                    0.007467508316040039,
                    0.7864997386932373,
                    0.617545485496521,
                    0.7911996841430664
                ],
                [
                    -0.6566442847251892,
                    -0.46189936995506287,
                    0.5962107181549072,
                    0.24457302689552307
                ],
                [
                    0.0,
                    0.0,
                    0.0,
                    1.0
                ]
            ]
        },
        {
            "file_path": "end/train/rgba/0009.png",
            "time": 1.0,
            "transform_matrix": [
                [
                    0.7192801833152771,
                    -0.3890586197376251,
                    0.5755601525306702,
                    1.4536213874816895
                ],
                [
                    -0.0008782941149547696,
                    0.8279677629470825,
                    0.5607750415802002,
                    0.7597783803939819
                ],
                [
                    -0.694719672203064,
                    -0.40385979413986206,
                    0.595198929309845,
                    0.27984023094177246
                ],
                [
                    0.0,
                    0.0,
                    0.0,
                    1.0
                ]
            ]
        },
        {
            "file_path": "end/train/rgba/0010.png",
            "time": 1.0,
            "transform_matrix": [
                [
                    0.7323122620582581,
                    -0.3385430872440338,
                    0.5908530354499817,
                    1.4869084358215332
                ],
                [
                    -0.014832640066742897,
                    0.8595291972160339,
                    0.5108712911605835,
                    0.7167086601257324
                ],
                [
                    -0.6808075308799744,
                    -0.38288116455078125,
                    0.6244223117828369,
                    0.3062579929828644
                ],
                [
                    0.0,
                    0.0,
                    0.0,
                    1.0
                ]
            ]
        },
        {
            "file_path": "end/train/rgba/0011.png",
            "time": 1.0,
            "transform_matrix": [
                [
                    0.7238322496414185,
                    -0.29116731882095337,
                    0.6255306005477905,
                    1.4986183643341064
                ],
                [
                    -0.033785343170166016,
                    0.8905531764030457,
                    0.4536226987838745,
                    0.6632381081581116
                ],
                [
                    -0.6891484260559082,
                    -0.3494804799556732,
                    0.6347737908363342,
                    0.34956035017967224
                ],
                [
                    0.0,
                    0.0,
                    0.0,
                    0.9999999403953552
                ]
            ]
        },
        {
            "file_path": "end/train/rgba/0012.png",
            "time": 1.0,
            "transform_matrix": [
                [
                    0.7781617045402527,
                    -0.2158450484275818,
                    0.5898095965385437,
                    1.4967761039733887
                ],
                [
                    -0.06796392798423767,
                    0.9046381115913391,
                    0.4207265377044678,
                    0.6289043426513672
                ],
                [
                    -0.624376118183136,
                    -0.36747902631759644,
                    0.6892848014831543,
                    0.3972930610179901
                ],
                [
                    0.0,
                    0.0,
                    0.0,
                    1.0
                ]
            ]
        },
        {
            "file_path": "end/train/rgba/0013.png",
            "time": 1.0,
            "transform_matrix": [
                [
                    0.8419319987297058,
                    -0.1543305516242981,
                    0.5170422196388245,
                    1.4747928380966187
                ],
                [
                    -0.09839808195829391,
                    0.8982433080673218,
                    0.42834195494651794,
                    0.6039708256721497
                ],
                [
                    -0.5305360555648804,
                    -0.41151073575019836,
                    0.7410738468170166,
                    0.45852771401405334
                ],
                [
                    0.0,
                    0.0,
                    0.0,
                    0.9999999403953552
                ]
            ]
        },
        {
            "file_path": "end/train/rgba/0014.png",
            "time": 1.0,
            "transform_matrix": [
                [
                    0.9039850234985352,
                    -0.12442745268344879,
                    0.40905845165252686,
                    1.4353997707366943
                ],
                [
                    -0.08486319333314896,
                    0.8854695558547974,
                    0.4568827450275421,
                    0.595913827419281
                ],
                [
                    -0.4190577566623688,
                    -0.4477292001247406,
                    0.7898918986320496,
                    0.4906845986843109
                ],
                [
                    0.0,
                    0.0,
                    0.0,
                    0.9999999403953552
                ]
            ]
        },
        {
            "file_path": "end/train/rgba/0015.png",
            "time": 1.0,
            "transform_matrix": [
                [
                    0.9147918820381165,
                    -0.1187552660703659,
                    0.386074036359787,
                    1.437427043914795
                ],
                [
                    -0.07832109183073044,
                    0.8855150938034058,
                    0.4579616189002991,
                    0.6057181358337402
                ],
                [
                    -0.3962598741054535,
                    -0.44917726516723633,
                    0.800760805606842,
                    0.5377111434936523
                ],
                [
                    0.0,
                    0.0,
                    0.0,
                    1.0
                ]
            ]
        },
        {
            "file_path": "end/train/rgba/0016.png",
            "time": 1.0,
            "transform_matrix": [
                [
                    0.9140759706497192,
                    -0.14214541018009186,
                    0.37981557846069336,
                    1.4414176940917969
                ],
                [
                    -0.059817418456077576,
                    0.8790591359138489,
                    0.4729450047016144,
                    0.6101933717727661
                ],
                [
                    -0.4011074900627136,
                    -0.45502716302871704,
                    0.7950239181518555,
                    0.6234896779060364
                ],
                [
                    0.0,
                    0.0,
                    0.0,
                    1.0000001192092896
                ]
            ]
        },
        {
            "file_path": "end/train/rgba/0017.png",
            "time": 1.0,
            "transform_matrix": [
                [
                    0.924780547618866,
                    -0.125279501080513,
                    0.35928553342819214,
                    1.4218195676803589
                ],
                [
                    -0.06803026795387268,
                    0.8745898008346558,
                    0.4800671637058258,
                    0.6210715770721436
                ],
                [
                    -0.3743702173233032,
                    -0.4683990180492401,
                    0.800280749797821,
                    0.6829229593276978
                ],
                [
                    0.0,
                    0.0,
                    0.0,
                    1.0
                ]
            ]
        },
        {
            "file_path": "end/train/rgba/0018.png",
            "time": 1.0,
            "transform_matrix": [
                [
                    0.9518866539001465,
                    -0.11465267091989517,
                    0.2841947674751282,
                    1.331423282623291
                ],
                [
                    -0.03817470744252205,
                    0.8757888674736023,
                    0.48118236660957336,
                    0.621910572052002
                ],
                [
                    -0.30406370759010315,
                    -0.4688800871372223,
                    0.8292748928070068,
                    0.7003169059753418
                ],
                [
                    0.0,
                    0.0,
                    0.0,
                    1.0
                ]
            ]
        },
        {
            "file_path": "end/train/rgba/0019.png",
            "time": 1.0,
            "transform_matrix": [
                [
                    0.984471321105957,
                    -0.0524933747947216,
                    0.16751281917095184,
                    1.1881476640701294
                ],
                [
                    -0.03165779635310173,
                    0.8855084180831909,
                    0.4635435938835144,
                    0.6189002990722656
                ],
                [
                    -0.17266719043254852,
                    -0.46164852380752563,
                    0.8700958490371704,
                    0.7142542600631714
                ],
                [
                    0.0,
                    0.0,
                    0.0,
                    1.0
                ]
            ]
        },
        {
            "file_path": "end/train/rgba/0020.png",
            "time": 1.0,
            "transform_matrix": [
                [
                    0.9988476634025574,
                    0.021462738513946533,
                    0.04292648658156395,
                    1.0927597284317017
                ],
                [
                    -0.03931272774934769,
                    0.8789469003677368,
                    0.47529661655426025,
                    0.6288658380508423
                ],
                [
                    -0.02752910926938057,
                    -0.4764364957809448,
                    0.878777801990509,
                    0.7415192127227783
                ],
                [
                    0.0,
                    0.0,
                    0.0,
                    1.0
                ]
            ]
        },
        {
            "file_path": "end/train/rgba/0021.png",
            "time": 1.0,
            "transform_matrix": [
                [
                    0.9995244741439819,
                    0.027523290365934372,
                    0.0139051154255867,
                    1.0571919679641724
                ],
                [
                    -0.030835116282105446,
                    0.8961821794509888,
                    0.44261354207992554,
                    0.6392974853515625
                ],
                [
                    -0.000279487285297364,
                    -0.4428318440914154,
                    0.8966046571731567,
                    0.8044332265853882
                ],
                [
                    0.0,
                    0.0,
                    0.0,
                    1.0
                ]
            ]
        },
        {
            "file_path": "end/train/rgba/0022.png",
            "time": 1.0,
            "transform_matrix": [
                [
                    0.9979676604270935,
                    0.05459587275981903,
                    -0.03286229446530342,
                    1.00945246219635
                ],
                [
                    -0.03618825972080231,
                    0.9100428223609924,
                    0.4129314124584198,
                    0.6545785069465637
                ],
                [
                    0.0524502694606781,
                    -0.4109029769897461,
                    0.9101690053939819,
                    0.8938203454017639
                ],
                [
                    0.0,
                    0.0,
                    0.0,
                    0.9999999403953552
                ]
            ]
        },
        {
            "file_path": "end/train/rgba/0023.png",
            "time": 1.0,
            "transform_matrix": [
                [
                    0.9989907145500183,
                    0.025594601407647133,
                    -0.036912012845277786,
                    0.9294473528862
                ],
                [
                    -0.008152580820024014,
                    0.9114422798156738,
                    0.4113471806049347,
                    0.6604580283164978
                ],
                [
                    0.0441712886095047,
                    -0.41063109040260315,
                    0.9107309579849243,
                    0.909667432308197
                ],
                [
                    0.0,
                    0.0,
                    0.0,
                    0.9999999403953552
                ]
            ]
        },
        {
            "file_path": "end/train/rgba/0024.png",
            "time": 1.0,
            "transform_matrix": [
                [
                    0.9908341765403748,
                    0.0383167527616024,
                    -0.1295347362756729,
                    0.8030392527580261
                ],
                [
                    0.016827227547764778,
                    0.9164469242095947,
                    0.3998020589351654,
                    0.6675100326538086
                ],
                [
                    0.13403065502643585,
                    -0.3983173072338104,
                    0.9074023365974426,
                    0.8701313138008118
                ],
                [
                    0.0,
                    0.0,
                    0.0,
                    0.9999998807907104
                ]
            ]
        },
        {
            "file_path": "end/train/rgba/0025.png",
            "time": 1.0,
            "transform_matrix": [
                [
                    0.9778493046760559,
                    0.0752645954489708,
                    -0.19531020522117615,
                    0.7007997632026672
                ],
                [
                    0.011449657380580902,
                    0.9124816060066223,
                    0.4089576303958893,
                    0.6672745943069458
                ],
                [
                    0.20899678766727448,
                    -0.40213513374328613,
                    0.8914076089859009,
                    0.8636449575424194
                ],
                [
                    0.0,
                    0.0,
                    0.0,
                    1.0
                ]
            ]
        },
        {
            "file_path": "end/train/rgba/0026.png",
            "time": 1.0,
            "transform_matrix": [
                [
                    0.9691293835639954,
                    0.1037132665514946,
                    -0.2236778438091278,
                    0.6787965893745422
                ],
                [
                    -0.002248673466965556,
                    0.9109017848968506,
                    0.4126172363758087,
                    0.6645846366882324
                ],
                [
                    0.24654224514961243,
                    -0.3993764817714691,
                    0.8830149173736572,
                    0.8517183065414429
                ],
                [
                    0.0,
                    0.0,
                    0.0,
                    1.0
                ]
            ]
        },
        {
            "file_path": "end/train/rgba/0027.png",
            "time": 1.0,
            "transform_matrix": [
                [
                    0.9648642539978027,
                    0.10003261268138885,
                    -0.2429616004228592,
                    0.675223708152771
                ],
                [
                    0.012542146258056164,
                    0.906103253364563,
                    0.4228706955909729,
                    0.6528949737548828
                ],
                [
                    0.2624489665031433,
                    -0.411060094833374,
                    0.873012125492096,
                    0.8121734857559204
                ],
                [
                    0.0,
                    0.0,
                    0.0,
                    1.0
                ]
            ]
        },
        {
            "file_path": "end/train/rgba/0028.png",
            "time": 1.0,
            "transform_matrix": [
                [
                    0.9471765160560608,
                    0.1272885501384735,
                    -0.2943710684776306,
                    0.6604523658752441
                ],
                [
                    0.01589355617761612,
                    0.8981074690818787,
                    0.43948882818222046,
                    0.643760085105896
                ],
                [
                    0.3203185498714447,
                    -0.42095208168029785,
                    0.8486432433128357,
                    0.7403610944747925
                ],
                [
                    0.0,
                    0.0,
                    0.0,
                    1.0
                ]
            ]
        },
        {
            "file_path": "end/train/rgba/0029.png",
            "time": 1.0,
            "transform_matrix": [
                [
                    0.9321669340133667,
                    0.146349236369133,
                    -0.3311295509338379,
                    0.6321514844894409
                ],
                [
                    0.013224838301539421,
                    0.900273859500885,
                    0.43512317538261414,
                    0.645127534866333
                ],
                [
                    0.3617870509624481,
                    -0.40998655557632446,
                    0.8372700810432434,
                    0.6658221483230591
                ],
                [
                    0.0,
                    0.0,
                    0.0,
                    1.0
                ]
            ]
        },
        {
            "file_path": "end/train/rgba/0030.png",
            "time": 1.0,
            "transform_matrix": [
                [
                    0.9042942523956299,
                    0.18805131316184998,
                    -0.3832603693008423,
                    0.5967502593994141
                ],
                [
                    0.00039759042556397617,
                    0.8973839282989502,
                    0.4412503242492676,
                    0.6321316957473755
                ],
                [
                    0.4269092381000519,
                    -0.3991726040840149,
                    0.8114244937896729,
                    0.6070910692214966
                ],
                [
                    0.0,
                    0.0,
                    0.0,
                    1.0
                ]
            ]
        },
        {
            "file_path": "end/train/rgba/0031.png",
            "time": 1.0,
            "transform_matrix": [
                [
                    0.8538058400154114,
                    0.22622010111808777,
                    -0.46887078881263733,
                    0.5496423840522766
                ],
                [
                    -0.00053469801787287,
                    0.9010308384895325,
                    0.43375441431999207,
                    0.6409398317337036
                ],
                [
                    0.5205909013748169,
                    -0.37009140849113464,
                    0.7694265246391296,
                    0.5905015468597412
                ],
                [
                    0.0,
                    0.0,
                    0.0,
                    0.9999998211860657
                ]
            ]
        },
        {
            "file_path": "end/train/rgba/0032.png",
            "time": 1.0,
            "transform_matrix": [
                [
                    0.8008621335029602,
                    0.26801130175590515,
                    -0.5355277061462402,
                    0.49707210063934326
                ],
                [
                    0.0007360378513112664,
                    0.8938207030296326,
                    0.4484241306781769,
                    0.6397525072097778
                ],
                [
                    0.5988482236862183,
                    -0.3595200777053833,
                    0.7156299948692322,
                    0.5721703767776489
                ],
                [
                    0.0,
                    0.0,
                    0.0,
                    1.0
                ]
            ]
        },
        {
            "file_path": "end/train/rgba/0033.png",
            "time": 1.0,
            "transform_matrix": [
                [
                    0.7601558566093445,
                    0.3001262843608856,
                    -0.5762702822685242,
                    0.47879672050476074
                ],
                [
                    -0.019436603412032127,
                    0.8970301151275635,
                    0.4415418803691864,
                    0.6337035894393921
                ],
                [
                    0.6494499444961548,
                    -0.32443997263908386,
                    0.6877161860466003,
                    0.5651652812957764
                ],
                [
                    0.0,
                    0.0,
                    0.0,
                    1.0
                ]
            ]
        },
        {
            "file_path": "end/train/rgba/0034.png",
            "time": 1.0,
            "transform_matrix": [
                [
                    0.7650766372680664,
                    0.3056343197822571,
                    -0.5667850971221924,
                    0.4497948884963989
                ],
                [
                    -0.04522746801376343,
                    0.9035152196884155,
                    0.42616283893585205,
                    0.6104742288589478
                ],
                [
                    0.6423488259315491,
                    -0.3004130423069,
                    0.7050815224647522,
                    0.5971032381057739
                ],
                [
                    0.0,
                    0.0,
                    0.0,
                    1.0
                ]
            ]
        },
        {
            "file_path": "end/train/rgba/0035.png",
            "time": 1.0,
            "transform_matrix": [
                [
                    0.8187589645385742,
                    0.2653822898864746,
                    -0.5091226696968079,
                    0.46160688996315
                ],
                [
                    -0.055546533316373825,
                    0.9192157983779907,
                    0.3898163437843323,
                    0.5995486974716187
                ],
                [
                    0.5714437961578369,
                    -0.2908857464790344,
                    0.7673572897911072,
                    0.6898811459541321
                ],
                [
                    0.0,
                    0.0,
                    0.0,
                    0.9999998211860657
                ]
            ]
        },
        {
            "file_path": "end/train/rgba/0036.png",
            "time": 1.0,
            "transform_matrix": [
                [
                    0.8518374562263489,
                    0.2522653341293335,
                    -0.45905905961990356,
                    0.4952599108219147
                ],
                [
                    -0.0584564171731472,
                    0.9166994094848633,
                    0.39527833461761475,
                    0.5865893959999084
                ],
                [
                    0.5205340385437012,
                    -0.30987802147865295,
                    0.7956255078315735,
                    0.7808356285095215
                ],
                [
                    0.0,
                    0.0,
                    0.0,
                    0.9999999403953552
                ]
            ]
        },
        {
            "file_path": "end/train/rgba/0037.png",
            "time": 1.0,
            "transform_matrix": [
                [
                    0.8979982733726501,
                    0.20462347567081451,
                    -0.3895232081413269,
                    0.5248672962188721
                ],
                [
                    -0.047605689615011215,
                    0.925269365310669,
                    0.37631136178970337,
                    0.574951171875
                ],
                [
                    0.43741586804389954,
                    -0.319383442401886,
                    0.8406316637992859,
                    0.8687670230865479
                ],
                [
                    0.0,
                    0.0,
                    0.0,
                    1.0
                ]
            ]
        },
        {
            "file_path": "end/train/rgba/0038.png",
            "time": 1.0,
            "transform_matrix": [
                [
                    0.9244585633277893,
                    0.19502511620521545,
                    -0.32763010263442993,
                    0.5565520524978638
                ],
                [
                    -0.05885770171880722,
                    0.9219788312911987,
                    0.3827410936355591,
                    0.5717921853065491
                ],
                [
                    0.37671196460723877,
                    -0.33454474806785583,
                    0.8638100624084473,
                    0.9041014313697815
                ],
                [
                    0.0,
                    0.0,
                    0.0,
                    0.9999999403953552
                ]
            ]
        },
        {
            "file_path": "end/train/rgba/0039.png",
            "time": 1.0,
            "transform_matrix": [
                [
                    0.9277132749557495,
                    0.17436544597148895,
                    -0.3300677239894867,
                    0.6230534911155701
                ],
                [
                    -0.03659475967288017,
                    0.9224262237548828,
                    0.38443565368652344,
                    0.5707595348358154
                ],
                [
                    0.37149521708488464,
                    -0.34456732869148254,
                    0.8621279001235962,
                    0.8320382833480835
                ],
                [
                    0.0,
                    0.0,
                    0.0,
                    1.0
                ]
            ]
        },
        {
            "file_path": "end/train/rgba/0040.png",
            "time": 1.0,
            "transform_matrix": [
                [
                    0.9549460411071777,
                    0.13331496715545654,
                    -0.2651509642601013,
                    0.7006458044052124
                ],
                [
                    -0.021325746551156044,
                    0.921943187713623,
                    0.3867376148700714,
                    0.5687434077262878
                ],
                [
                    0.29601186513900757,
                    -0.3636590540409088,
                    0.8832491636276245,
                    0.7485355138778687
                ],
                [
                    0.0,
                    0.0,
                    0.0,
                    0.9999999403953552
                ]
            ]
        },
        {
            "file_path": "end/train/rgba/0041.png",
            "time": 1.0,
            "transform_matrix": [
                [
                    0.9614173173904419,
                    0.1423836201429367,
                    -0.2353799194097519,
                    0.7698423266410828
                ],
                [
                    -0.03935753181576729,
                    0.9180247783660889,
                    0.39456501603126526,
                    0.5778915882110596
                ],
                [
                    0.2722640335559845,
                    -0.3700776696205139,
                    0.88820880651474,
                    0.7188518047332764
                ],
                [
                    0.0,
                    0.0,
                    0.0,
                    1.0
                ]
            ]
        },
        {
            "file_path": "end/train/rgba/0042.png",
            "time": 1.0,
            "transform_matrix": [
                [
                    0.9867076277732849,
                    0.10198212414979935,
                    -0.12652131915092468,
                    0.8974260091781616
                ],
                [
                    -0.043695539236068726,
                    0.9163936972618103,
                    0.3978860378265381,
                    0.5772922039031982
                ],
                [
                    0.15652039647102356,
                    -0.38706880807876587,
                    0.9086688756942749,
                    0.7555488348007202
                ],
                [
                    0.0,
                    0.0,
                    0.0,
                    1.0
                ]
            ]
        },
        {
            "file_path": "end/train/rgba/0043.png",
            "time": 1.0,
            "transform_matrix": [
                [
                    0.9993724822998047,
                    0.03538363799452782,
                    0.0015947859501466155,
                    1.0069479942321777
                ],
                [
                    -0.03323592618107796,
                    0.9212446212768555,
                    0.3875613808631897,
                    0.5811054110527039
                ],
                [
                    0.012243964709341526,
                    -0.3873712122440338,
                    0.9218424558639526,
                    0.8016647696495056
                ],
                [
                    0.0,
                    0.0,
                    0.0,
                    0.9999999403953552
                ]
            ]
        },
        {
            "file_path": "end/train/rgba/0044.png",
            "time": 1.0,
            "transform_matrix": [
                [
                    0.9964200854301453,
                    0.00011800254287663847,
                    0.08453964442014694,
                    1.0685298442840576
                ],
                [
                    -0.0341985747218132,
                    0.9150879979133606,
                    0.4018014371395111,
                    0.5836440324783325
                ],
                [
                    -0.07731400430202484,
                    -0.4032541513442993,
                    0.9118160605430603,
                    0.8151605129241943
                ],
                [
                    0.0,
                    0.0,
                    0.0,
                    1.0
                ]
            ]
        },
        {
            "file_path": "end/train/rgba/0045.png",
            "time": 1.0,
            "transform_matrix": [
                [
                    0.9957628846168518,
                    -0.017149487510323524,
                    0.09034417569637299,
