{
    "camera_angle_x": 0.6911111611634243,
    "camera_angle_y": 0.6911111611634243,
    "frames": [
        {
            "file_path": "train/rgba/0000.png",
            "time": 0.0,
            "transform_matrix": [
                [
                    1.0,
                    0.0,
                    0.0,
                    0.0
                ],
                [
                    0.0,
                    0.4651712477207184,
                    -0.8852207064628601,
                    -2.4738993644714355
                ],
                [
                    0.0,
                    0.8852207064628601,
                    0.4651712477207184,
                    1.399999976158142
                ],
                [
                    0.0,
                    0.0,
                    0.0,
                    1.0
                ]
            ]
        },
        {
            "file_path": "train/rgba/0001.png",
            "time": 0.0,
            "transform_matrix": [
                [
                    0.9999973177909851,
                    -0.0010957896010950208,
                    0.00208496255800128,
                    0.005826069973409176
                ],
                [
                    0.002355382079258561,
                    0.4652267098426819,
                    -0.8851884603500366,
                    -2.4735071659088135
                ],
                [
                    5.820766785236131e-11,
                    0.8851908445358276,
                    0.46522805094718933,
                    1.399999976158142
                ],
                [
                    0.0,
                    0.0,
                    0.0,
                    1.0
                ]
            ]
        },
        {
            "file_path": "train/rgba/0002.png",
            "time": 0.0,
            "transform_matrix": [
                [
                    0.9999563097953796,
                    -0.0043535069562494755,
                    0.008279871195554733,
                    0.02312888577580452
                ],
                [
                    0.009354640729725361,
                    0.4653644263744354,
                    -0.885069727897644,
                    -2.4723424911499023
                ],
                [
                    -2.3283067140944524e-10,
                    0.8851084113121033,
                    0.4653848111629486,
                    1.399999976158142
                ],
                [
                    0.0,
                    0.0,
                    0.0,
                    1.0
                ]
            ]
        },
        {
            "file_path": "train/rgba/0003.png",
            "time": 0.0,
            "transform_matrix": [
                [
                    0.999781608581543,
                    -0.009731446392834187,
                    0.018496954813599586,
                    0.05164479464292526
                ],
                [
                    0.020900677889585495,
                    0.46550264954566956,
                    -0.8847997188568115,
                    -2.4704229831695557
                ],
                [
                    -9.313225746154785e-10,
                    0.8849929571151733,
                    0.46560433506965637,
                    1.399999976158142
                ],
                [
                    0.0,
                    0.0,
                    0.0,
                    1.0
                ]
            ]
        },
        {
            "file_path": "train/rgba/0004.png",
            "time": 0.0,
            "transform_matrix": [
                [
                    0.9993192553520203,
                    -0.017186487093567848,
                    0.0326470211148262,
                    0.0911090075969696
                ],
                [
                    0.03689449280500412,
                    0.4655108153820038,
                    -0.8842728137969971,
                    -2.467766284942627
                ],
                [
                    1.862645371275562e-09,
                    0.8848752975463867,
                    0.465828001499176,
                    1.399999976158142
                ],
                [
                    0.0,
                    0.0,
                    0.0,
                    1.0
                ]
            ]
        },
        {
            "file_path": "train/rgba/0005.png",
            "time": 0.0,
            "transform_matrix": [
                [
                    0.998361349105835,
                    -0.02666587382555008,
                    0.05063307285308838,
                    0.1412578672170639
                ],
                [
                    0.05722566694021225,
                    0.46521392464637756,
                    -0.883346676826477,
                    -2.464390516281128
                ],
                [
                    1.862645149230957e-09,
                    0.8847965598106384,
                    0.4659775495529175,
                    1.399999976158142
                ],
                [
                    0.0,
                    0.0,
                    0.0,
                    1.0
                ]
            ]
        },
        {
            "file_path": "train/rgba/0006.png",
            "time": 0.0,
            "transform_matrix": [
                [
                    0.9966521263122559,
                    -0.03809622302651405,
                    0.07234114408493042,
                    0.20182888209819794
                ],
                [
                    0.08175916969776154,
                    0.464396595954895,
                    -0.8818454146385193,
                    -2.460313081741333
                ],
                [
                    0.0,
                    0.8848075866699219,
                    0.46595653891563416,
                    1.399999976158142
                ],
                [
                    0.0,
                    0.0,
                    0.0,
                    1.0
                ]
            ]
        },
        {
            "file_path": "train/rgba/0007.png",
            "time": 0.0,
            "transform_matrix": [
                [
                    0.9938962459564209,
                    -0.05137030780315399,
                    0.09762857109308243,
                    0.2725572884082794
                ],
                [
                    0.1103188544511795,
                    0.46281081438064575,
                    -0.8795657157897949,
                    -2.455552101135254
                ],
                [
                    3.725290742551124e-09,
                    0.8849673271179199,
                    0.46565306186676025,
                    1.399999976158142
                ],
                [
                    0.0,
                    0.0,
                    0.0,
                    1.0
                ]
            ]
        },
        {
            "file_path": "train/rgba/0008.png",
            "time": 0.0,
            "transform_matrix": [
                [
                    0.9897688031196594,
                    -0.0663880854845047,
                    0.12629485130310059,
                    0.352861225605011
                ],
                [
                    0.14268065989017487,
                    0.46053096652030945,
                    -0.8761012554168701,
                    -2.4477813243865967
                ],
                [
                    -3.725290742551124e-09,
                    0.8851575255393982,
                    0.46529141068458557,
                    1.399999976158142
                ],
                [
                    0.0,
                    0.0,
                    0.0,
                    1.0
                ]
            ]
        },
        {
            "file_path": "train/rgba/0009.png",
            "time": 0.0,
            "transform_matrix": [
                [
                    0.9838893413543701,
                    -0.08328007906675339,
                    0.1581968516111374,
                    0.44148486852645874
                ],
                [
                    0.17877867817878723,
                    0.45832300186157227,
                    -0.8706194162368774,
                    -2.4296646118164062
                ],
                [
                    -7.450580596923828e-09,
                    0.8848754167556763,
                    0.4658277630805969,
                    1.399999976158142
                ],
                [
                    0.0,
                    0.0,
                    0.0,
                    1.0
                ]
            ]
        },
        {
            "file_path": "train/rgba/0010.png",
            "time": 0.0,
            "transform_matrix": [
                [
                    0.9758582711219788,
                    -0.10174456238746643,
                    0.19325843453407288,
                    0.5393035411834717
                ],
                [
                    0.2184050977230072,
                    0.4546060264110565,
                    -0.86350017786026,
                    -2.409668207168579
                ],
                [
                    0.0,
                    0.8848623037338257,
                    0.4658525884151459,
                    1.399999976158142
                ],
                [
                    0.0,
                    0.0,
                    0.0,
                    1.0
                ]
            ]
        },
        {
            "file_path": "train/rgba/0011.png",
            "time": 0.0,
            "transform_matrix": [
                [
                    0.9652923345565796,
                    -0.12149741500616074,
                    0.2311910092830658,
                    0.646061897277832
                ],
                [
                    0.26117220520973206,
                    0.44905441999435425,
                    -0.8544818758964539,
                    -2.3878445625305176
                ],
                [
                    -7.450581485102248e-09,
                    0.8852053284645081,
                    0.4652004837989807,
                    1.399999976158142
                ],
                [
                    0.0,
                    0.0,
                    0.0,
                    1.0
                ]
            ]
        },
        {
            "file_path": "train/rgba/0012.png",
            "time": 0.0,
            "transform_matrix": [
                [
                    0.9517690539360046,
                    -0.14290779829025269,
                    0.27150169014930725,
                    0.7577699422836304
                ],
                [
                    0.30681562423706055,
                    0.44331255555152893,
                    -0.8422221541404724,
                    -2.3506691455841064
                ],
                [
                    7.450581485102248e-09,
                    0.8849018812179565,
                    0.4657774567604065,
                    1.399999976158142
                ],
                [
                    0.0,
                    0.0,
                    0.0,
                    1.0
                ]
            ]
        },
        {
            "file_path": "train/rgba/0013.png",
            "time": 0.0,
            "transform_matrix": [
                [
                    0.9348242282867432,
                    -0.16538254916667938,
                    0.3142487108707428,
                    0.8771845102310181
                ],
                [
                    0.3551107347011566,
                    0.43536731600761414,
                    -0.8272554874420166,
                    -2.309176445007324
                ],
                [
                    1.4901161193847656e-08,
                    0.8849315643310547,
                    0.465721070766449,
                    1.399999976158142
                ],
                [
                    0.0,
                    0.0,
                    0.0,
                    1.0
                ]
            ]
        },
        {
            "file_path": "train/rgba/0014.png",
            "time": 0.0,
            "transform_matrix": [
                [
                    0.9141209125518799,
                    -0.18871773779392242,
                    0.3588433265686035,
                    1.002221703529358
                ],
                [
                    0.40544164180755615,
                    0.4254887104034424,
                    -0.8090589642524719,
                    -2.259639263153076
                ],
                [
                    0.0,
                    0.8850677609443665,
                    0.46546217799186707,
                    1.399999976158142
                ],
                [
                    0.0,
                    0.0,
                    0.0,
                    1.0
                ]
            ]
        },
        {
            "file_path": "train/rgba/0015.png",
            "time": 0.0,
            "transform_matrix": [
                [
                    0.8891715407371521,
                    -0.21316510438919067,
                    0.4048885405063629,
                    1.1298588514328003
                ],
                [
                    0.45757415890693665,
                    0.4142287075519562,
                    -0.7867913246154785,
                    -2.195574998855591
                ],
                [
                    0.0,
                    0.8848589062690735,
                    0.46585914492607117,
                    1.399999976158142
                ],
                [
                    0.0,
                    0.0,
                    0.0,
                    1.0
                ]
            ]
        },
        {
            "file_path": "train/rgba/0016.png",
            "time": 0.0,
            "transform_matrix": [
                [
                    0.8596814274787903,
                    -0.2376890629529953,
                    0.4521635174751282,
                    1.2633001804351807
                ],
                [
                    0.5108306407928467,
                    0.40000900626182556,
                    -0.760949969291687,
                    -2.12601900100708
                ],
                [
                    1.4901161193847656e-08,
                    0.8851535320281982,
                    0.46529918909072876,
                    1.399999976158142
                ],
                [
                    0.0,
                    0.0,
                    0.0,
                    1.0
                ]
            ]
        },
        {
            "file_path": "train/rgba/0017.png",
            "time": 0.0,
            "transform_matrix": [
                [
                    0.8252552151679993,
                    -0.26312485337257385,
                    0.49971911311149597,
                    1.3943486213684082
                ],
                [
                    0.5647600293159485,
                    0.3844909965991974,
                    -0.7302142381668091,
                    -2.0374910831451416
                ],
                [
                    1.4901161193847656e-08,
                    0.8848344683647156,
                    0.4659056067466736,
                    1.399999976158142
                ],
                [
                    0.0,
                    0.0,
                    0.0,
                    1.0
                ]
            ]
        },
        {
            "file_path": "train/rgba/0018.png",
            "time": 0.0,
            "transform_matrix": [
                [
                    0.7856644988059998,
                    -0.2879168391227722,
                    0.5475720763206482,
                    1.5295530557632446
                ],
                [
                    0.6186528205871582,
                    0.3656429648399353,
                    -0.6953948140144348,
                    -1.9424717426300049
                ],
                [
                    0.0,
                    0.8851040005683899,
                    0.4653932452201843,
                    1.399999976158142
                ],
                [
                    0.0,
                    0.0,
                    0.0,
                    1.0
                ]
            ]
        },
        {
            "file_path": "train/rgba/0019.png",
            "time": 0.0,
            "transform_matrix": [
                [
                    0.7406111359596252,
                    -0.3130534291267395,
                    0.5945525765419006,
                    1.6589819192886353
                ],
                [
                    0.6719339489936829,
                    0.34505003690719604,
                    -0.6553207635879517,
                    -1.8285436630249023
                ],
                [
                    1.4901162970204496e-08,
                    0.884837806224823,
                    0.46589916944503784,
                    1.399999976158142
                ],
                [
                    0.0,
                    0.0,
                    0.0,
                    1.0
                ]
            ]
        },
        {
            "file_path": "train/rgba/0020.png",
            "time": 0.0,
            "transform_matrix": [
                [
                    0.6900454163551331,
                    -0.3370230793952942,
                    0.640509843826294,
                    1.78816556930542
                ],
                [
                    0.7237661480903625,
                    0.3213209807872772,
                    -0.6106680631637573,
                    -1.7048536539077759
                ],
                [
                    -1.4901161193847656e-08,
                    0.8849679827690125,
                    0.4656519293785095,
                    1.399999976158142
                ],
                [
                    0.0,
                    0.0,
                    0.0,
                    1.0
                ]
            ]
        },
        {
            "file_path": "train/rgba/0021.png",
            "time": 0.0,
            "transform_matrix": [
                [
                    0.6337458491325378,
                    -0.36024725437164307,
                    0.6845349073410034,
                    1.9108288288116455
                ],
                [
                    0.7735413312911987,
                    0.29514285922050476,
                    -0.5608248114585876,
                    -1.5655012130737305
                ],
                [
                    1.4901162970204496e-08,
                    0.8849364519119263,
                    0.46571168303489685,
                    1.399999976158142
                ],
                [
                    0.0,
                    0.0,
                    0.0,
                    1.0
                ]
            ]
        },
        {
            "file_path": "train/rgba/0022.png",
            "time": 0.0,
            "transform_matrix": [
                [
                    0.5719066858291626,
                    -0.3821641504764557,
                    0.7258604168891907,
                    2.0254855155944824
                ],
                [
                    0.8203186988830566,
                    0.26643574237823486,
                    -0.5060526132583618,
                    -1.4121203422546387
                ],
                [
                    1.4901161193847656e-08,
                    0.8848517537117004,
                    0.46587273478507996,
                    1.399999976158142
                ],
                [
                    0.0,
                    0.0,
                    0.0,
                    1.0
                ]
            ]
        },
        {
            "file_path": "train/rgba/0023.png",
            "time": 0.0,
            "transform_matrix": [
                [
                    0.5044975280761719,
                    -0.4016074240207672,
                    0.764325737953186,
                    2.1361842155456543
                ],
                [
                    0.8634132146835327,
                    0.23466163873672485,
                    -0.4466001093387604,
                    -1.2481852769851685
                ],
                [
                    -1.4901161193847656e-08,
                    0.8852375149726868,
                    0.46513935923576355,
                    1.399999976158142
                ],
                [
                    0.0,
                    0.0,
                    0.0,
                    1.0
                ]
            ]
        },
        {
            "file_path": "train/rgba/0024.png",
            "time": 0.0,
            "transform_matrix": [
                [
                    0.4317850172519684,
                    -0.42015311121940613,
                    0.7981435656547546,
                    2.227470874786377
                ],
                [
                    0.9019766449928284,
                    0.20113138854503632,
                    -0.3820791244506836,
                    -1.0663120746612549
                ],
                [
                    0.0,
                    0.8848828077316284,
                    0.4658137857913971,
                    1.399999976158142
                ],
                [
                    0.0,
                    0.0,
                    0.0,
                    1.0
                ]
            ]
        },
        {
            "file_path": "train/rgba/0025.png",
            "time": 0.0,
            "transform_matrix": [
                [
                    0.35417917370796204,
                    -0.4355414807796478,
                    0.8275632262229919,
                    2.3099846839904785
                ],
                [
                    0.9351775646209717,
                    0.1649523228406906,
                    -0.31342244148254395,
                    -0.8748588562011719
                ],
                [
                    0.0,
                    0.8849262595176697,
                    0.46573129296302795,
                    1.399999976158142
                ],
                [
                    0.0,
                    0.0,
                    0.0,
                    1.0
                ]
            ]
        },
        {
            "file_path": "train/rgba/0026.png",
            "time": 0.0,
            "transform_matrix": [
                [
                    0.27194416522979736,
                    -0.44770193099975586,
                    0.8518270254135132,
                    2.3802478313446045
                ],
                [
                    0.9623131155967712,
                    0.12651799619197845,
                    -0.2407214343547821,
                    -0.6726443767547607
                ],
                [
                    0.0,
                    0.8851870894432068,
                    0.46523523330688477,
                    1.399999976158142
                ],
                [
                    0.0,
                    0.0,
                    0.0,
                    1.0
                ]
            ]
        },
        {
            "file_path": "train/rgba/0027.png",
            "time": 0.0,
            "transform_matrix": [
                [
                    0.1857645958662033,
                    -0.4577663838863373,
                    0.8694489598274231,
                    2.4261505603790283
                ],
                [
                    0.9825942516326904,
                    0.08654312789440155,
                    -0.16437387466430664,
                    -0.45867645740509033
                ],
                [
                    7.4505797087454084e-09,
                    0.8848504424095154,
                    0.4658752977848053,
                    1.399999976158142
                ],
                [
                    0.0,
                    0.0,
                    0.0,
                    1.0
                ]
            ]
        },
        {
            "file_path": "train/rgba/0028.png",
            "time": 0.0,
            "transform_matrix": [
                [
                    0.09631933271884918,
                    -0.46367347240448,
                    0.8807551264762878,
                    2.4578888416290283
                ],
                [
                    0.9953505396842957,
                    0.04486933723092079,
                    -0.0852300152182579,
                    -0.23784807324409485
                ],
                [
                    -3.725290298461914e-09,
                    0.8848692774772644,
                    0.4658394455909729,
                    1.399999976158142
                ],
                [
                    0.0,
                    0.0,
                    0.0,
                    1.0
                ]
            ]
        },
        {
            "file_path": "train/rgba/0029.png",
            "time": 0.0,
            "transform_matrix": [
                [
                    0.004207823425531387,
                    -0.4652671813964844,
                    0.8851603269577026,
                    2.473198890686035
                ],
                [
                    0.9999911785125732,
                    0.001957779284566641,
                    -0.00372463115490973,
                    -0.010406875982880592
                ],
                [
                    0.0,
                    0.885168194770813,
                    0.4652712643146515,
                    1.399999976158142
                ],
                [
                    0.0,
                    0.0,
                    0.0,
                    1.0
                ]
            ]
        },
        {
            "file_path": "train/rgba/0030.png",
            "time": 0.0,
            "transform_matrix": [
                [
                    -0.08956307917833328,
                    -0.4640311002731323,
                    0.8812795281410217,
                    2.4590141773223877
                ],
                [
                    0.9959812164306641,
                    -0.04172774776816368,
                    0.0792485922574997,
                    0.2211255431175232
                ],
                [
                    -3.725290298461914e-09,
                    0.8848356008529663,
                    0.46590349078178406,
                    1.399999976158142
                ],
                [
                    0.0,
                    0.0,
                    0.0,
                    1.0
                ]
            ]
        },
        {
            "file_path": "train/rgba/0031.png",
            "time": 0.0,
            "transform_matrix": [
                [
                    -0.18398727476596832,
                    -0.45791202783584595,
                    0.8697501420974731,
                    2.4270448684692383
                ],
                [
                    0.9829286336898804,
                    -0.0857132226228714,
                    0.16280220448970795,
                    0.4543008804321289
                ],
                [
                    0.0,
                    0.8848558664321899,
                    0.46586495637893677,
                    1.399999976158142
                ],
                [
                    0.0,
                    0.0,
                    0.0,
                    1.0
                ]
            ]
        },
        {
            "file_path": "train/rgba/0032.png",
            "time": 0.0,
            "transform_matrix": [
                [
                    -0.27816516160964966,
                    -0.4470004737377167,
                    0.8501850962638855,
                    2.3749873638153076
                ],
                [
                    0.9605333209037781,
                    -0.12944887578487396,
                    0.24620892107486725,
                    0.6877832412719727
                ],
                [
                    0.0,
                    0.885117769241333,
                    0.4653669595718384,
                    1.399999976158142
                ],
                [
                    0.0,
                    0.0,
                    0.0,
                    1.0
                ]
            ]
        },
        {
            "file_path": "train/rgba/0033.png",
            "time": 0.0,
            "transform_matrix": [
                [
                    -0.37103426456451416,
                    -0.4322624206542969,
                    0.8218775987625122,
                    2.29530668258667
                ],
                [
                    0.9286192655563354,
                    -0.172712504863739,
                    0.3283851146697998,
                    0.917100727558136
                ],
                [
                    -1.4901162970204496e-08,
                    0.8850534558296204,
                    0.46548938751220703,
                    1.399999976158142
                ],
                [
                    0.0,
                    0.0,
                    0.0,
                    1.0
                ]
            ]
        },
        {
            "file_path": "train/rgba/0034.png",
            "time": 0.0,
            "transform_matrix": [
                [
                    -0.4613519310951233,
                    -0.4133014678955078,
                    0.7850708961486816,
                    2.1908631324768066
                ],
                [
                    0.8872172236442566,
                    -0.21491627395153046,
                    0.40823596715927124,
                    1.1392463445663452
                ],
                [
                    -1.4901161193847656e-08,
                    0.884868860244751,
                    0.4658401906490326,
                    1.399999976158142
                ],
                [
                    0.0,
                    0.0,
                    0.0,
                    1.0
                ]
            ]
        },
        {
            "file_path": "train/rgba/0035.png",
            "time": 0.0,
            "transform_matrix": [
                [
                    -0.5480431914329529,
                    -0.38968199491500854,
                    0.7401328682899475,
                    2.065297842025757
                ],
                [
                    0.8364500999450684,
                    -0.25532013177871704,
                    0.48493602871894836,
                    1.3531858921051025
                ],
                [
                    -1.4901161193847656e-08,
                    0.8848500847816467,
                    0.4658759832382202,
                    1.399999976158142
                ],
                [
                    0.0,
                    0.0,
                    0.0,
                    1.0
                ]
            ]
        },
        {
            "file_path": "train/rgba/0036.png",
            "time": 0.0,
            "transform_matrix": [
                [
                    -0.6300173401832581,
                    -0.36161142587661743,
                    0.6872520446777344,
                    1.9186867475509644
                ],
                [
                    0.7765810489654541,
                    -0.2933647036552429,
                    0.5575473308563232,
                    1.5565739870071411
                ],
                [
                    1.4901159417490817e-08,
                    0.8849714994430542,
                    0.4656454026699066,
                    1.399999976158142
                ],
                [
                    0.0,
                    0.0,
                    0.0,
                    1.0
                ]
            ]
        },
        {
            "file_path": "train/rgba/0037.png",
            "time": 0.0,
            "transform_matrix": [
                [
                    -0.7061852216720581,
                    -0.3293969929218292,
                    0.6267377734184265,
                    1.751296043395996
                ],
                [
                    0.7080273032188416,
                    -0.32853996753692627,
                    0.6251071691513062,
                    1.7467395067214966
                ],
                [
                    -1.4901159417490817e-08,
                    0.88518887758255,
                    0.46523207426071167,
                    1.399999976158142
                ],
                [
                    0.0,
                    0.0,
                    0.0,
                    1.0
                ]
            ]
        },
        {
            "file_path": "train/rgba/0038.png",
            "time": 0.0,
            "transform_matrix": [
                [
                    -0.7754398584365845,
                    -0.2940348982810974,
                    0.5587813854217529,
                    1.5599323511123657
                ],
                [
                    0.6314215064048767,
                    -0.36110010743141174,
                    0.6862314939498901,
                    1.9157307147979736
                ],
                [
                    0.0,
                    0.8849577307701111,
                    0.4656713604927063,
                    1.399999976158142
                ],
                [
                    0.0,
                    0.0,
                    0.0,
                    1.0
                ]
            ]
        },
        {
            "file_path": "train/rgba/0039.png",
            "time": 0.0,
            "transform_matrix": [
                [
                    -0.8367775082588196,
                    -0.25508543848991394,
                    0.4844944179058075,
                    1.3519628047943115
                ],
                [
                    0.5475430488586426,
                    -0.38983190059661865,
                    0.7404239773750305,
                    2.066124200820923
                ],
                [
                    1.4901161193847656e-08,
                    0.8848516941070557,
                    0.4658728241920471,
                    1.399999976158142
                ],
                [
                    0.0,
                    0.0,
                    0.0,
                    1.0
                ]
            ]
        },
        {
            "file_path": "train/rgba/0040.png",
            "time": 0.0,
            "transform_matrix": [
                [
                    -0.889336347579956,
                    -0.21301642060279846,
                    0.4046047627925873,
                    1.1290639638900757
                ],
                [
                    0.4572538733482361,
                    -0.41430652141571045,
                    0.7869364619255066,
                    2.195974111557007
                ],
                [
                    0.0,
                    0.8848581910133362,
                    0.46586036682128906,
                    1.399999976158142
                ],
                [
                    0.0,
                    0.0,
                    0.0,
                    1.0
                ]
            ]
        },
        {
            "file_path": "train/rgba/0041.png",
            "time": 0.0,
            "transform_matrix": [
                [
                    -0.93236243724823,
                    -0.16834084689617157,
                    0.31994032859802246,
                    0.893226146697998
                ],
                [
                    0.36152520775794983,
                    -0.43414583802223206,
                    0.8251162767410278,
                    2.303602695465088
                ],
                [
                    -1.4901162970204496e-08,
                    0.8849738836288452,
                    0.465640664100647,
                    1.399999976158142
                ],
                [
                    0.0,
                    0.0,
                    0.0,
                    1.0
                ]
            ]
        },
        {
            "file_path": "train/rgba/0042.png",
            "time": 0.0,
            "transform_matrix": [
                [
                    -0.9652280807495117,
                    -0.12160627543926239,
                    0.23140177130699158,
                    0.6466587781906128
                ],
                [
                    0.26140937209129333,
                    -0.44901901483535767,
                    0.8544279336929321,
                    2.387722969055176
                ],
                [
                    -7.450580596923828e-09,
                    0.8852083683013916,
                    0.4651947617530823,
                    1.399999976158142
                ],
                [
                    0.0,
                    0.0,
                    0.0,
                    1.0
                ]
            ]
        },
        {
            "file_path": "train/rgba/0043.png",
            "time": 0.0,
            "transform_matrix": [
                [
                    -0.9874235391616821,
                    -0.0736069306731224,
                    0.13991710543632507,
                    0.3906789720058441
                ],
                [
                    0.15809735655784607,
                    -0.45972439646720886,
                    0.8738757371902466,
                    2.4400508403778076
                ],
                [
                    -7.450580596923828e-09,
                    0.8850058913230896,
                    0.4655798077583313,
                    1.399999976158142
                ],
                [
                    0.0,
                    0.0,
                    0.0,
                    1.0
                ]
            ]
        },
        {
            "file_path": "train/rgba/0044.png",
            "time": 0.0,
            "transform_matrix": [
                [
                    -0.9985993504524231,
                    -0.024653395637869835,
                    0.046814240515232086,
                    0.13060934841632843
                ],
                [
                    0.0529090091586113,
                    -0.46530574560165405,
                    0.8835672736167908,
                    2.4651076793670654
                ],
                [
                    1.862645149230957e-09,
                    0.8848066926002502,
                    0.4659583270549774,
                    1.399999976158142
                ],
                [
                    0.0,
                    0.0,
                    0.0,
                    1.0
                ]
            ]
        },
        {
            "file_path": "train/rgba/0045.png",
            "time": 0.0,
            "transform_matrix": [
                [
                    -0.9985994696617126,
                    0.02465251088142395,
                    -0.04681255668401718,
                    -0.13060463964939117
                ],
                [
                    -0.05290710926055908,
                    -0.46530580520629883,
                    0.8835673928260803,
                    2.4651076793670654
                ],
                [
                    0.0,
                    0.8848066926002502,
                    0.4659583568572998,
                    1.399999976158142
                ],
                [
                    0.0,
                    0.0,
                    0.0,
                    1.0
                ]
            ]
        },
        {
            "file_path": "train/rgba/0046.png",
            "time": 0.0,
