{
    "camera_angle_x": 1.0820048038452565,
    "camera_angle_y": 0.8466968507991623,
    "frames": [
        {
            "file_path": "start/train/rgba/0000.png",
            "time": 0.0,
            "transform_matrix": [
                [
                    0.715661883354187,
                    0.2646588981151581,
                    -0.6463618278503418,
                    -1.2057077884674072
                ],
                [
                    -0.004350426606833935,
                    0.9270985126495361,
                    0.37479230761528015,
                    0.7565942406654358
                ],
                [
                    0.6984332799911499,
                    -0.26541265845298767,
                    0.6646405458450317,
                    2.0586183071136475
                ],
                [
                    0.0,
                    0.0,
                    0.0,
                    0.9999998807907104
                ]
            ]
        },
        {
            "file_path": "start/train/rgba/0001.png",
            "time": 0.0,
            "transform_matrix": [
                [
                    0.7176653742790222,
                    0.2601921260356903,
                    -0.6459537744522095,
                    -1.2055829763412476
                ],
                [
                    -0.0025004425551742315,
                    0.9285342693328857,
                    0.3712383210659027,
                    0.7568283677101135
                ],
                [
                    0.6963834762573242,
                    -0.264809787273407,
                    0.6670275926589966,
                    2.0508017539978027
                ],
                [
                    0.0,
                    0.0,
                    0.0,
                    1.0
                ]
            ]
        },
        {
            "file_path": "start/train/rgba/0002.png",
            "time": 0.0,
            "transform_matrix": [
                [
                    0.7155749797821045,
                    0.26290154457092285,
                    -0.6471746563911438,
                    -1.2105947732925415
                ],
                [
                    -0.004866212140768766,
                    0.9283267855644226,
                    0.37173330783843994,
                    0.7562999129295349
                ],
                [
                    0.6985188126564026,
                    -0.26285383105278015,
                    0.6655668616294861,
                    2.037602186203003
                ],
                [
                    0.0,
                    0.0,
                    0.0,
                    1.0
                ]
            ]
        },
        {
            "file_path": "start/train/rgba/0003.png",
            "time": 0.0,
            "transform_matrix": [
                [
                    0.6970502734184265,
                    0.270422101020813,
                    -0.6640728116035461,
                    -1.2338804006576538
                ],
                [
                    0.004190720152109861,
                    0.9246014952659607,
                    0.38091278076171875,
                    0.751055121421814
                ],
                [
                    0.7170099020004272,
                    -0.26829832792282104,
                    0.6433605551719666,
                    1.9834614992141724
                ],
                [
                    0.0,
                    0.0,
                    0.0,
                    0.9999999403953552
                ]
            ]
        },
        {
            "file_path": "start/train/rgba/0004.png",
            "time": 0.0,
            "transform_matrix": [
                [
                    0.6602604389190674,
                    0.28714871406555176,
                    -0.6939752697944641,
                    -1.2826852798461914
                ],
                [
                    -0.00043018333963118494,
                    0.9241677522659302,
                    0.38198694586753845,
                    0.7538946270942688
                ],
                [
                    0.7510366439819336,
                    -0.2519124150276184,
                    0.6103149652481079,
                    1.8925896883010864
                ],
                [
                    0.0,
                    0.0,
                    0.0,
                    1.0000001192092896
                ]
            ]
        },
        {
            "file_path": "start/train/rgba/0005.png",
            "time": 0.0,
            "transform_matrix": [
                [
                    0.6423121690750122,
                    0.29775452613830566,
                    -0.7062414884567261,
                    -1.3233826160430908
                ],
                [
                    0.005080538801848888,
                    0.9197791814804077,
                    0.3924035429954529,
                    0.7400717735290527
                ],
                [
                    0.7664260864257812,
                    -0.25563374161720276,
                    0.589272677898407,
                    1.8190183639526367
                ],
                [
                    0.0,
                    0.0,
                    0.0,
                    0.9999999403953552
                ]
            ]
        },
        {
            "file_path": "start/train/rgba/0006.png",
            "time": 0.0,
            "transform_matrix": [
                [
                    0.6200791001319885,
                    0.31537631154060364,
                    -0.7183589339256287,
                    -1.321884274482727
                ],
                [
                    0.004579419735819101,
                    0.9141738414764404,
                    0.4052964746952057,
                    0.7100645899772644
                ],
                [
                    0.7845258116722107,
                    -0.25460562109947205,
                    0.5654159784317017,
                    1.7550358772277832
                ],
                [
                    0.0,
                    0.0,
                    0.0,
                    1.0
                ]
            ]
        },
        {
            "file_path": "start/train/rgba/0007.png",
            "time": 0.0,
            "transform_matrix": [
                [
                    0.5917702913284302,
                    0.35938796401023865,
                    -0.7215595841407776,
                    -1.3303210735321045
                ],
                [
                    -0.022790856659412384,
                    0.902218222618103,
                    0.4306773841381073,
                    0.6987918019294739
                ],
                [
                    0.8057844042778015,
                    -0.23841717839241028,
                    0.5420967936515808,
                    1.6467443704605103
                ],
                [
                    0.0,
                    0.0,
                    0.0,
                    1.0
                ]
            ]
        },
        {
            "file_path": "start/train/rgba/0008.png",
            "time": 0.0,
            "transform_matrix": [
                [
                    0.5529482960700989,
                    0.3706453740596771,
                    -0.7462373375892639,
                    -1.3888038396835327
                ],
                [
                    -0.011442452669143677,
                    0.8989048600196838,
                    0.43799448013305664,
                    0.6925166249275208
                ],
                [
                    0.8331369161605835,
                    -0.23364955186843872,
                    0.5012890696525574,
                    1.5580415725708008
                ],
                [
                    0.0,
                    0.0,
                    0.0,
                    1.0
                ]
            ]
        },
        {
            "file_path": "start/train/rgba/0009.png",
            "time": 0.0,
            "transform_matrix": [
                [
                    0.46947789192199707,
                    0.38957229256629944,
                    -0.7923533916473389,
                    -1.4993791580200195
                ],
                [
                    -0.025660397484898567,
                    0.9030402302742004,
                    0.428788959980011,
                    0.7073044180870056
                ],
                [
                    0.8825712203979492,
                    -0.18097488582134247,
                    0.43395403027534485,
                    1.419015645980835
                ],
                [
                    0.0,
                    0.0,
                    0.0,
                    1.0
                ]
            ]
        },
        {
            "file_path": "start/train/rgba/0010.png",
            "time": 0.0,
            "transform_matrix": [
                [
                    0.4290916621685028,
                    0.3977169096469879,
                    -0.8109879493713379,
                    -1.5661221742630005
                ],
                [
                    -0.021677615121006966,
                    0.9021204113960266,
                    0.43093961477279663,
                    0.7056573033332825
                ],
                [
                    0.9030007719993591,
                    -0.16733238101005554,
                    0.39571401476860046,
                    1.2951762676239014
                ],
                [
                    0.0,
                    0.0,
                    0.0,
                    1.0
                ]
            ]
        },
        {
            "file_path": "start/train/rgba/0011.png",
            "time": 0.0,
            "transform_matrix": [
                [
                    0.3964625298976898,
                    0.4052957594394684,
                    -0.8237431645393372,
                    -1.5497843027114868
                ],
                [
                    -0.022076798602938652,
                    0.9012234807014465,
                    0.43279197812080383,
                    0.7040470242500305
                ],
                [
                    0.9177853465080261,
                    -0.1534002423286438,
                    0.36624905467033386,
                    1.2025270462036133
                ],
                [
                    0.0,
                    0.0,
                    0.0,
                    1.0
                ]
            ]
        },
        {
            "file_path": "start/train/rgba/0012.png",
            "time": 0.0,
            "transform_matrix": [
                [
                    0.35035601258277893,
                    0.41960659623146057,
                    -0.837365448474884,
                    -1.52801513671875
                ],
                [
                    -0.022020893171429634,
                    0.8974754810333252,
                    0.44051432609558105,
                    0.708742082118988
                ],
                [
                    0.9363576173782349,
                    -0.13589739799499512,
                    0.3236762285232544,
                    1.0984084606170654
                ],
                [
                    0.0,
                    0.0,
                    0.0,
                    1.0
                ]
            ]
        },
        {
            "file_path": "start/train/rgba/0013.png",
            "time": 0.0,
            "transform_matrix": [
                [
                    0.25240862369537354,
                    0.4374750852584839,
                    -0.8630790114402771,
                    -1.5401743650436401
                ],
                [
                    -0.01808541640639305,
                    0.8939371705055237,
                    0.4478273093700409,
                    0.7139680981636047
                ],
                [
                    0.9674515724182129,
                    -0.09742642939090729,
                    0.23354950547218323,
                    0.9683414101600647
                ],
                [
                    0.0,
                    0.0,
                    0.0,
                    1.0
                ]
            ]
        },
        {
            "file_path": "start/train/rgba/0014.png",
            "time": 0.0,
            "transform_matrix": [
                [
                    0.1953401267528534,
                    0.43329957127571106,
                    -0.8798259496688843,
                    -1.5849860906600952
                ],
                [
                    -0.01945536769926548,
                    0.8986437320709229,
                    0.43824753165245056,
                    0.714215099811554
                ],
                [
                    0.9805424809455872,
                    -0.06849003583192825,
                    0.18397130072116852,
                    0.8171818256378174
                ],
                [
                    0.0,
                    0.0,
                    0.0,
                    1.0
                ]
            ]
        },
        {
            "file_path": "start/train/rgba/0015.png",
            "time": 0.0,
            "transform_matrix": [
                [
                    0.17998942732810974,
                    0.4299294352531433,
                    -0.8847397565841675,
                    -1.5896646976470947
                ],
                [
                    -0.012999916449189186,
                    0.9003898501396179,
                    0.4348897933959961,
                    0.7102527022361755
                ],
                [
                    0.9835825562477112,
                    -0.06677407771348953,
                    0.16764980554580688,
                    0.7172942757606506
                ],
                [
                    0.0,
                    0.0,
                    0.0,
                    1.0
                ]
            ]
        },
        {
            "file_path": "start/train/rgba/0016.png",
            "time": 0.0,
            "transform_matrix": [
                [
                    0.11991573870182037,
                    0.43413716554641724,
                    -0.8928298354148865,
                    -1.5446105003356934
                ],
                [
                    -0.017621450126171112,
                    0.9001083970069885,
                    0.43530958890914917,
                    0.7113050818443298
                ],
                [
                    0.9926276803016663,
                    -0.036467574536800385,
                    0.11558739095926285,
                    0.5983039140701294
                ],
                [
                    0.0,
                    0.0,
                    0.0,
                    1.0
                ]
            ]
        },
        {
            "file_path": "start/train/rgba/0017.png",
            "time": 0.0,
            "transform_matrix": [
                [
                    0.04495440796017647,
                    0.4437112510204315,
                    -0.8950415849685669,
                    -1.533186435699463
                ],
                [
                    -0.00278641190379858,
                    0.895999550819397,
                    0.4440462291240692,
                    0.7131149768829346
                ],
                [
                    0.9989850521087646,
                    -0.01746792159974575,
                    0.041515592485666275,
                    0.49402084946632385
                ],
                [
                    0.0,
                    0.0,
                    0.0,
                    0.9999999403953552
                ]
            ]
        },
        {
            "file_path": "start/train/rgba/0018.png",
            "time": 0.0,
            "transform_matrix": [
                [
                    -0.037240639328956604,
                    0.4454297721385956,
                    -0.8945419788360596,
                    -1.5542348623275757
                ],
                [
                    -0.005286428611725569,
                    0.8950626254081726,
                    0.4459091126918793,
                    0.7210999131202698
                ],
                [
                    0.9992923140525818,
                    0.0213348176330328,
                    -0.030977873131632805,
                    0.35635921359062195
                ],
                [
                    0.0,
                    0.0,
                    0.0,
                    1.0
                ]
            ]
        },
        {
            "file_path": "start/train/rgba/0019.png",
            "time": 0.0,
            "transform_matrix": [
                [
                    -0.08215617388486862,
                    0.4452158510684967,
                    -0.8916463851928711,
                    -1.5809732675552368
                ],
                [
                    0.0004203764256089926,
                    0.894686222076416,
                    0.4466949999332428,
                    0.7199307084083557
                ],
                [
                    0.9966194033622742,
                    0.036323897540569305,
                    -0.07369107007980347,
                    0.251730352640152
                ],
                [
                    0.0,
                    0.0,
                    0.0,
                    1.0
                ]
            ]
        },
        {
            "file_path": "start/train/rgba/0020.png",
            "time": 0.0,
            "transform_matrix": [
                [
                    -0.11541583389043808,
                    0.4280400574207306,
                    -0.8963598012924194,
                    -1.5515334606170654
                ],
                [
                    -0.004052211996167898,
                    0.9021798372268677,
                    0.4313410818576813,
                    0.7120117545127869
                ],
                [
                    0.9933090209960938,
                    0.053415801376104355,
                    -0.10239121317863464,
                    0.17095771431922913
                ],
                [
                    0.0,
                    0.0,
                    0.0,
                    1.0
                ]
            ]
        },
        {
            "file_path": "start/train/rgba/0021.png",
            "time": 0.0,
            "transform_matrix": [
                [
                    -0.1702703982591629,
                    0.45716914534568787,
                    -0.8729285597801208,
                    -1.4981378316879272
                ],
                [
                    0.0016689636977389455,
                    0.8859970569610596,
                    0.46368786692619324,
                    0.709635853767395
                ],
                [
                    0.9853959679603577,
                    0.07749539613723755,
                    -0.1516219675540924,
                    0.07633338868618011
                ],
                [
                    0.0,
                    0.0,
                    0.0,
                    0.9999999403953552
                ]
            ]
        },
        {
            "file_path": "start/train/rgba/0022.png",
            "time": 0.0,
            "transform_matrix": [
                [
                    -0.23902912437915802,
                    0.4536426067352295,
                    -0.8585298657417297,
                    -1.4778848886489868
                ],
                [
                    0.011528633534908295,
                    0.8854230642318726,
                    0.4646430015563965,
                    0.7140164971351624
                ],
                [
                    0.9709439873695374,
                    0.10116545110940933,
                    -0.21687163412570953,
                    -0.017115578055381775
                ],
                [
                    0.0,
                    0.0,
                    0.0,
                    1.0
                ]
            ]
        },
        {
            "file_path": "start/train/rgba/0023.png",
            "time": 0.0,
            "transform_matrix": [
                [
                    -0.33387038111686707,
                    0.4197891652584076,
                    -0.8439832329750061,
                    -1.4891256093978882
                ],
                [
                    0.0040236711502075195,
                    0.8959863781929016,
                    0.44406330585479736,
                    0.7198487520217896
                ],
                [
                    0.9426103830337524,
                    0.14486362040042877,
                    -0.3008323013782501,
                    -0.1795644462108612
                ],
                [
                    0.0,
                    0.0,
                    0.0,
                    0.9999999403953552
                ]
            ]
        },
        {
            "file_path": "start/train/rgba/0024.png",
            "time": 0.0,
            "transform_matrix": [
                [
                    -0.3663922846317291,
                    0.4247813820838928,
                    -0.8278390765190125,
                    -1.491087794303894
                ],
                [
                    0.01847769506275654,
                    0.8928552269935608,
                    0.4499645233154297,
                    0.7123587727546692
                ],
                [
                    0.9302770495414734,
                    0.14956693351268768,
                    -0.33498415350914,
                    -0.2989097833633423
                ],
                [
                    0.0,
                    0.0,
                    0.0,
                    1.0
                ]
            ]
        },
        {
            "file_path": "start/train/rgba/0025.png",
            "time": 0.0,
            "transform_matrix": [
                [
                    -0.426530659198761,
                    0.4040866792201996,
                    -0.809188187122345,
                    -1.4258846044540405
                ],
                [
                    -0.005827087443321943,
                    0.8934053182601929,
                    0.4492138922214508,
                    0.7045064568519592
                ],
                [
                    0.9044544696807861,
                    0.19631868600845337,
                    -0.378710001707077,
                    -0.36386436223983765
                ],
                [
                    0.0,
                    0.0,
                    0.0,
                    1.0000001192092896
                ]
            ]
        },
        {
            "file_path": "start/train/rgba/0026.png",
            "time": 0.0,
            "transform_matrix": [
                [
                    -0.4870423376560211,
                    0.3784513473510742,
                    -0.7871240973472595,
                    -1.372705340385437
                ],
                [
                    -0.0027363253757357597,
                    0.9005750417709351,
                    0.4346919655799866,
                    0.7165983319282532
                ],
                [
                    0.8733741044998169,
                    0.2138672024011612,
                    -0.4375825524330139,
                    -0.43963825702667236
                ],
                [
                    0.0,
                    0.0,
                    0.0,
                    1.0
                ]
            ]
        },
        {
            "file_path": "start/train/rgba/0027.png",
            "time": 0.0,
            "transform_matrix": [
                [
                    -0.5816132426261902,
                    0.3570512533187866,
                    -0.7309175729751587,
                    -1.3513273000717163
                ],
                [
                    0.0025982402730733156,
                    0.8993340134620667,
                    0.43725472688674927,
                    0.7170292735099792
                ],
                [
                    0.8134613633155823,
                    0.2524139881134033,
                    -0.5239920616149902,
                    -0.5472482442855835
                ],
                [
                    0.0,
                    0.0,
                    0.0,
                    1.0000001192092896
                ]
            ]
        },
        {
            "file_path": "start/train/rgba/0028.png",
            "time": 0.0,
            "transform_matrix": [
                [
                    -0.6223678588867188,
                    0.32769137620925903,
                    -0.7108280062675476,
                    -1.3427859544754028
                ],
                [
                    -0.014614451676607132,
                    0.9031223058700562,
                    0.42913463711738586,
                    0.7193072438240051
                ],
                [
                    0.7825884819030762,
                    0.2774679362773895,
                    -0.5572851896286011,
                    -0.6726325154304504
                ],
                [
                    0.0,
                    0.0,
                    0.0,
                    1.0
                ]
            ]
        },
        {
            "file_path": "start/train/rgba/0029.png",
            "time": 0.0,
            "transform_matrix": [
                [
                    -0.6568019986152649,
                    0.3193867802619934,
                    -0.6830834746360779,
                    -1.326453447341919
                ],
                [
                    -0.020859062671661377,
                    0.8978286385536194,
                    0.4398508071899414,
                    0.7234311103820801
                ],
                [
                    0.7537745833396912,
                    0.30314335227012634,
                    -0.5830335021018982,
                    -0.7136053442955017
                ],
                [
                    0.0,
                    0.0,
                    0.0,
                    0.9999999403953552
                ]
            ]
        },
        {
            "file_path": "start/train/rgba/0030.png",
            "time": 0.0,
            "transform_matrix": [
                [
                    -0.6493568420410156,
                    0.319441556930542,
                    -0.6901395320892334,
                    -1.2918919324874878
                ],
                [
                    -0.026295820251107216,
                    0.8975265622138977,
                    0.44017571210861206,
                    0.7201091647148132
                ],
                [
                    0.7600290775299072,
                    0.30397889018058777,
                    -0.5744149684906006,
                    -0.70578533411026
                ],
                [
                    0.0,
                    0.0,
                    0.0,
                    1.0
                ]
            ]
        },
        {
            "file_path": "start/train/rgba/0031.png",
            "time": 0.0,
            "transform_matrix": [
                [
                    -0.6381253600120544,
                    0.34609153866767883,
                    -0.6877619624137878,
                    -1.333160638809204
                ],
                [
                    -0.00438350485637784,
                    0.8916282653808594,
                    0.45274707674980164,
                    0.7263579368591309
                ],
                [
                    0.7699199914932251,
                    0.2919241487979889,
                    -0.5674534440040588,
                    -0.6982815861701965
                ],
                [
                    0.0,
                    0.0,
                    0.0,
                    0.9999999403953552
                ]
            ]
        },
        {
            "file_path": "start/train/rgba/0032.png",
            "time": 0.0,
            "transform_matrix": [
                [
                    -0.5793378353118896,
                    0.33692559599876404,
                    -0.7421918511390686,
                    -1.451876163482666
                ],
                [
                    -0.01229841634631157,
                    0.9068501591682434,
                    0.42127376794815063,
                    0.7427334189414978
                ],
                [
                    0.8149948120117188,
                    0.25318753719329834,
                    -0.5212288498878479,
                    -0.6905866265296936
                ],
                [
                    0.0,
                    0.0,
                    0.0,
                    1.0
                ]
            ]
        },
        {
            "file_path": "start/train/rgba/0033.png",
            "time": 0.0,
            "transform_matrix": [
                [
                    -0.4783550202846527,
                    0.39129123091697693,
                    -0.7861728668212891,
                    -1.5281974077224731
                ],
                [
                    -0.0021498454734683037,
                    0.8947190642356873,
                    0.4466245174407959,
                    0.732106626033783
                ],
                [
                    0.8781641125679016,
                    0.2153351902961731,
                    -0.4271520674228668,
                    -0.7043676376342773
                ],
                [
                    0.0,
                    0.0,
                    0.0,
                    1.0000001192092896
                ]
            ]
        },
        {
            "file_path": "start/train/rgba/0034.png",
            "time": 0.0,
            "transform_matrix": [
                [
                    -0.472260057926178,
                    0.40766072273254395,
                    -0.7815260887145996,
                    -1.5519131422042847
                ],
                [
                    -0.004194320645183325,
                    0.8855783939361572,
                    0.46447110176086426,
                    0.7272253632545471
                ],
                [
                    0.8814493417739868,
                    0.22262905538082123,
                    -0.4165132939815521,
                    -0.7477367520332336
                ],
                [
                    0.0,
                    0.0,
                    0.0,
                    1.0
                ]
            ]
        },
        {
            "file_path": "start/train/rgba/0035.png",
            "time": 0.0,
            "transform_matrix": [
                [
                    -0.589787483215332,
                    0.33829352259635925,
                    -0.7332858443260193,
                    -1.609295129776001
                ],
                [
                    -0.007540776394307613,
                    0.9056816101074219,
                    0.423891544342041,
                    0.7391987442970276
                ],
                [
                    0.8075233697891235,
                    0.2555354833602905,
                    -0.5316085815429688,
                    -0.8018733263015747
                ],
                [
                    0.0,
                    0.0,
                    0.0,
                    1.0
                ]
            ]
        },
        {
            "file_path": "start/train/rgba/0036.png",
            "time": 0.0,
            "transform_matrix": [
                [
                    -0.6168343424797058,
                    0.3092736601829529,
                    -0.7237852215766907,
                    -1.6642260551452637
                ],
                [
                    -0.024525905027985573,
                    0.9115689396858215,
                    0.4104154407978058,
                    0.7451296448707581
                ],
                [
                    0.7867109179496765,
                    0.2709098160266876,
                    -0.5547016859054565,
                    -0.8461885452270508
                ],
                [
                    0.0,
                    0.0,
                    0.0,
                    1.0
                ]
            ]
        },
        {
            "file_path": "start/train/rgba/0037.png",
            "time": 0.0,
            "transform_matrix": [
                [
                    -0.6385504603385925,
                    0.2932145893573761,
                    -0.7115323543548584,
                    -1.6979405879974365
                ],
                [
                    -0.017329150810837746,
                    0.9188598990440369,
                    0.3942035734653473,
                    0.7462812066078186
                ],
                [
                    0.7693848609924316,
                    0.26404911279678345,
                    -0.5816571116447449,
                    -0.8651469945907593
                ],
                [
                    0.0,
                    0.0,
                    0.0,
                    1.0000001192092896
                ]
            ]
        },
        {
            "file_path": "start/train/rgba/0038.png",
            "time": 0.0,
            "transform_matrix": [
                [
                    -0.6126290559768677,
                    0.30696234107017517,
                    -0.7283265590667725,
                    -1.7361170053482056
                ],
                [
                    -0.01898341253399849,
                    0.9155197143554688,
                    0.4018249809741974,
                    0.7427824139595032
                ],
                [
                    0.7901425957679749,
                    0.25999578833580017,
                    -0.555046796798706,
                    -0.8656638860702515
                ],
                [
                    0.0,
                    0.0,
                    0.0,
                    1.0
                ]
            ]
        },
        {
            "file_path": "start/train/rgba/0039.png",
            "time": 0.0,
            "transform_matrix": [
                [
                    -0.5988612771034241,
                    0.30995863676071167,
                    -0.7384380102157593,
                    -1.7753582000732422
                ],
                [
                    -0.010095448233187199,
                    0.9190696477890015,
                    0.3939657509326935,
                    0.7415133118629456
                ],
                [
                    0.8007892966270447,
                    0.2433856725692749,
                    -0.5472659468650818,
                    -0.8729749917984009
                ],
                [
                    0.0,
                    0.0,
                    0.0,
                    1.0
                ]
            ]
        },
        {
            "file_path": "start/train/rgba/0040.png",
            "time": 0.0,
            "transform_matrix": [
                [
                    -0.5915589928627014,
                    0.3016911745071411,
                    -0.747689962387085,
                    -1.8187967538833618
                ],
                [
                    -0.017155947163701057,
                    0.9224340319633484,
                    0.3857734501361847,
                    0.7399361729621887
                ],
                [
                    0.8060792684555054,
                    0.24103504419326782,
                    -0.5404981970787048,
                    -0.8768352270126343
                ],
                [
                    0.0,
                    0.0,
                    0.0,
                    1.0000001192092896
                ]
            ]
        },
        {
            "file_path": "start/train/rgba/0041.png",
            "time": 0.0,
            "transform_matrix": [
                [
                    -0.6198886036872864,
                    0.28855186700820923,
                    -0.7297093868255615,
                    -1.8556556701660156
                ],
                [
                    -0.015807168558239937,
                    0.9251530766487122,
                    0.37926504015922546,
                    0.7366257309913635
                ],
                [
                    0.7845306396484375,
                    0.24663668870925903,
                    -0.5689305663108826,
                    -0.8640998601913452
                ],
                [
                    0.0,
                    0.0,
                    0.0,
                    1.0000001192092896
                ]
            ]
        },
        {
            "file_path": "start/train/rgba/0042.png",
            "time": 0.0,
            "transform_matrix": [
                [
                    -0.5949777364730835,
                    0.27923572063446045,
                    -0.7536768913269043,
                    -1.8781750202178955
                ],
                [
                    -0.028605954721570015,
                    0.9297587871551514,
                    0.3670562207698822,
                    0.737062394618988
                ],
                [
                    0.8032330274581909,
                    0.23994988203048706,
                    -0.5451979041099548,
                    -0.8609988689422607
                ],
                [
                    0.0,
                    0.0,
                    0.0,
                    1.0
                ]
            ]
        },
        {
            "file_path": "start/train/rgba/0043.png",
            "time": 0.0,
            "transform_matrix": [
                [
                    -0.5657137632369995,
                    0.29575201869010925,
                    -0.7697393298149109,
                    -1.8734021186828613
                ],
                [
                    -0.03925221040844917,
                    0.9227516651153564,
                    0.38339102268218994,
                    0.7381541132926941
                ],
                [
                    0.8236669301986694,
                    0.2471034824848175,
                    -0.5104043483734131,
                    -0.8290749788284302
                ],
                [
                    0.0,
                    0.0,
                    0.0,
                    1.0
                ]
            ]
        },
        {
            "file_path": "start/train/rgba/0044.png",
            "time": 0.0,
            "transform_matrix": [
                [
                    -0.5690974593162537,
                    0.29679930210113525,
                    -0.766836404800415,
                    -1.8164162635803223
                ],
                [
                    -0.033416442573070526,
                    0.9234663248062134,
                    0.3822214901447296,
                    0.744351863861084
                ],
                [
                    0.821590781211853,
                    0.24314619600772858,
                    -0.5156242251396179,
                    -0.7400040626525879
                ],
                [
                    0.0,
                    0.0,
                    0.0,
                    0.9999999403953552
                ]
            ]
        },
        {
            "file_path": "start/train/rgba/0045.png",
