{
    "camera_angle_x": 1.0820048038452565,
    "camera_angle_y": 0.8466968507991623,
    "frames": [
        {
            "file_path": "end/train/rgba/0000.png",
            "time": 1.0,
            "transform_matrix": [
                [
                    -0.5084024667739868,
                    0.4309174418449402,
                    -0.7455448508262634,
                    -1.2063580751419067
                ],
                [
                    0.006046467460691929,
                    0.8675504922866821,
                    0.4973122775554657,
                    0.7230701446533203
                ],
                [
                    0.8610984086990356,
                    0.24832683801651,
                    -0.4436701834201813,
                    -0.45665600895881653
                ],
                [
                    0.0,
                    0.0,
                    0.0,
                    0.9999999403953552
                ]
            ]
        },
        {
            "file_path": "end/train/rgba/0001.png",
            "time": 1.0,
            "transform_matrix": [
                [
                    -0.5525242686271667,
                    0.4218244254589081,
                    -0.7188748121261597,
                    -1.1185966730117798
                ],
                [
                    -0.004442626144737005,
                    0.8609779477119446,
                    0.508622944355011,
                    0.7344111800193787
                ],
                [
                    0.833484947681427,
                    0.2842201590538025,
                    -0.47383713722229004,
                    -0.4586932063102722
                ],
                [
                    0.0,
                    0.0,
                    0.0,
                    1.0
                ]
            ]
        },
        {
            "file_path": "end/train/rgba/0002.png",
            "time": 1.0,
            "transform_matrix": [
                [
                    -0.6293135285377502,
                    0.3898243308067322,
                    -0.672310471534729,
                    -1.0078407526016235
                ],
                [
                    -0.030332768335938454,
                    0.8521158695220947,
                    0.5224733948707581,
                    0.7430475354194641
                ],
                [
                    0.7765593528747559,
                    0.3491925895214081,
                    -0.5244235396385193,
                    -0.5163753628730774
                ],
                [
                    0.0,
                    0.0,
                    0.0,
                    1.0
                ]
            ]
        },
        {
            "file_path": "end/train/rgba/0003.png",
            "time": 1.0,
            "transform_matrix": [
                [
                    -0.6509007215499878,
                    0.3979840576648712,
                    -0.6464803814888,
                    -0.962196409702301
                ],
                [
                    -0.011399281211197376,
                    0.846350371837616,
                    0.5325046181678772,
                    0.73813396692276
                ],
                [
                    0.7590773701667786,
                    0.3539769649505615,
                    -0.546353280544281,
                    -0.525357186794281
                ],
                [
                    0.0,
                    0.0,
                    0.0,
                    1.0
                ]
            ]
        },
        {
            "file_path": "end/train/rgba/0004.png",
            "time": 1.0,
            "transform_matrix": [
                [
                    -0.7343422770500183,
                    0.3279706537723541,
                    -0.5942866206169128,
                    -0.8795216679573059
                ],
                [
                    -0.04371247813105583,
                    0.8508555293083191,
                    0.5235782265663147,
                    0.7497902512550354
                ],
                [
                    0.677370548248291,
                    0.4104633033275604,
                    -0.6104826927185059,
                    -0.5825985670089722
                ],
                [
                    0.0,
                    0.0,
                    0.0,
                    1.0
                ]
            ]
        },
        {
            "file_path": "end/train/rgba/0005.png",
            "time": 1.0,
            "transform_matrix": [
                [
                    -0.7658528685569763,
                    0.31865739822387695,
                    -0.558504045009613,
                    -0.818398654460907
                ],
                [
                    -0.05527496337890625,
                    0.8327293395996094,
                    0.5509142875671387,
                    0.749028742313385
                ],
                [
                    0.6406357288360596,
                    0.4527905285358429,
                    -0.6201343536376953,
                    -0.6142131686210632
                ],
                [
                    0.0,
                    0.0,
                    0.0,
                    1.0
                ]
            ]
        },
        {
            "file_path": "end/train/rgba/0006.png",
            "time": 1.0,
            "transform_matrix": [
                [
                    -0.724021852016449,
                    0.32976797223091125,
                    -0.6058427095413208,
                    -0.8431105017662048
                ],
                [
                    -0.07587889581918716,
                    0.8349093198776245,
                    0.545132040977478,
                    0.7531334161758423
                ],
                [
                    0.685590922832489,
                    0.4406581521034241,
                    -0.5794700384140015,
                    -0.5754002928733826
                ],
                [
                    0.0,
                    0.0,
                    0.0,
                    0.9999999403953552
                ]
            ]
        },
        {
            "file_path": "end/train/rgba/0007.png",
            "time": 1.0,
            "transform_matrix": [
                [
                    -0.6448861360549927,
                    0.3642425835132599,
                    -0.6718997359275818,
                    -0.902391791343689
                ],
                [
                    -0.07236693054437637,
                    0.8460782170295715,
                    0.528123676776886,
                    0.77753084897995
                ],
                [
                    0.7608450055122375,
                    0.38920286297798157,
                    -0.5192649960517883,
                    -0.5111849308013916
                ],
                [
                    0.0,
                    0.0,
                    0.0,
                    0.9999998807907104
                ]
            ]
        },
        {
            "file_path": "end/train/rgba/0008.png",
            "time": 1.0,
            "transform_matrix": [
                [
                    -0.603614091873169,
                    0.41419607400894165,
                    -0.6812425851821899,
                    -0.9275918006896973
                ],
                [
                    -0.05984950438141823,
                    0.828511118888855,
                    0.556765079498291,
                    0.8074973225593567
                ],
                [
                    0.7950270771980286,
                    0.37684327363967896,
                    -0.4753115475177765,
                    -0.45395660400390625
                ],
                [
                    0.0,
                    0.0,
                    0.0,
                    1.0
                ]
            ]
        },
        {
            "file_path": "end/train/rgba/0009.png",
            "time": 1.0,
            "transform_matrix": [
                [
                    -0.5973753333091736,
                    0.41595351696014404,
                    -0.6856569647789001,
                    -0.9140559434890747
                ],
                [
                    -0.06339612603187561,
                    0.8278055787086487,
                    0.5574216246604919,
                    0.8218168616294861
                ],
                [
                    0.7994521260261536,
                    0.3764578700065613,
                    -0.46814075112342834,
                    -0.4370270371437073
                ],
                [
                    0.0,
                    0.0,
                    0.0,
                    1.0
                ]
            ]
        },
        {
            "file_path": "end/train/rgba/0010.png",
            "time": 1.0,
            "transform_matrix": [
                [
                    -0.5328155159950256,
                    0.44631242752075195,
                    -0.718966543674469,
                    -0.9978793263435364
                ],
                [
                    -0.05787887051701546,
                    0.8284000158309937,
                    0.5571386218070984,
                    0.8239955306053162
                ],
                [
                    0.8442498445510864,
                    0.33846503496170044,
                    -0.4155522286891937,
                    -0.3458685874938965
                ],
                [
                    0.0,
                    0.0,
                    0.0,
                    1.0
                ]
            ]
        },
        {
            "file_path": "end/train/rgba/0011.png",
            "time": 1.0,
            "transform_matrix": [
                [
                    -0.44049370288848877,
                    0.4975152909755707,
                    -0.7472909688949585,
                    -1.1040607690811157
                ],
                [
                    -0.012883651070296764,
                    0.8288100957870483,
                    0.5593816637992859,
                    0.813715398311615
                ],
                [
                    0.8976633548736572,
                    0.25603187084198,
                    -0.3586757183074951,
                    -0.24856965243816376
                ],
                [
                    0.0,
                    0.0,
                    0.0,
                    1.0
                ]
            ]
        },
        {
            "file_path": "end/train/rgba/0012.png",
            "time": 1.0,
            "transform_matrix": [
                [
                    -0.39810916781425476,
                    0.49344149231910706,
                    -0.7733204960823059,
                    -1.1309928894042969
                ],
                [
                    -0.013419036753475666,
                    0.839782178401947,
                    0.5427576303482056,
                    0.8057289719581604
                ],
                [
                    0.9172399044036865,
                    0.22645393013954163,
                    -0.32770341634750366,
                    -0.19657300412654877
                ],
                [
                    0.0,
                    0.0,
                    0.0,
                    1.0
                ]
            ]
        },
        {
            "file_path": "end/train/rgba/0013.png",
            "time": 1.0,
            "transform_matrix": [
                [
                    -0.3495933711528778,
                    0.506172239780426,
                    -0.7883996963500977,
                    -1.1318297386169434
                ],
                [
                    -0.014583843760192394,
                    0.8384550213813782,
                    0.5447757244110107,
                    0.7910641431808472
                ],
                [
                    0.936788022518158,
                    0.201947882771492,
                    -0.2857363224029541,
                    -0.13472315669059753
                ],
                [
                    0.0,
                    0.0,
                    0.0,
                    0.9999999403953552
                ]
            ]
        },
        {
            "file_path": "end/train/rgba/0014.png",
            "time": 1.0,
            "transform_matrix": [
                [
                    -0.23047904670238495,
                    0.5254817605018616,
                    -0.8189922571182251,
                    -1.177973985671997
                ],
                [
                    0.008228099904954433,
                    0.8426741361618042,
                    0.5383610725402832,
                    0.7880727648735046
                ],
                [
                    0.9730424880981445,
                    0.11734212934970856,
                    -0.19854235649108887,
                    0.01977221667766571
                ],
                [
                    0.0,
                    0.0,
                    0.0,
                    1.0
                ]
            ]
        },
        {
            "file_path": "end/train/rgba/0015.png",
            "time": 1.0,
            "transform_matrix": [
                [
                    -0.17751482129096985,
                    0.5445619225502014,
                    -0.8197199702262878,
                    -1.1922011375427246
                ],
                [
                    0.01597863808274269,
                    0.8344337940216064,
                    0.5508764386177063,
                    0.7882548570632935
                ],
                [
                    0.9839884042739868,
                    0.08469060063362122,
                    -0.15682560205459595,
                    0.15302249789237976
                ],
                [
                    0.0,
                    0.0,
                    0.0,
                    0.9999999403953552
                ]
            ]
        },
        {
            "file_path": "end/train/rgba/0016.png",
            "time": 1.0,
            "transform_matrix": [
                [
                    -0.15248218178749084,
                    0.5402934551239014,
                    -0.8275458812713623,
                    -1.1385284662246704
                ],
                [
                    0.01221725158393383,
                    0.8383040428161621,
                    0.5450661778450012,
                    0.7769860625267029
                ],
                [
                    0.9882306456565857,
                    0.07300250232219696,
                    -0.1344272643327713,
                    0.21919606626033783
                ],
                [
                    0.0,
                    0.0,
                    0.0,
                    1.0000001192092896
                ]
            ]
        },
        {
            "file_path": "end/train/rgba/0017.png",
            "time": 1.0,
            "transform_matrix": [
                [
                    -0.10360593348741531,
                    0.5527992844581604,
                    -0.8268486261367798,
                    -1.1273843050003052
                ],
                [
                    -0.006612325087189674,
                    0.8309213519096375,
                    0.556350588798523,
                    0.7717342376708984
                ],
                [
                    0.9945964813232422,
                    0.06310854852199554,
                    -0.08243298530578613,
                    0.3239477872848511
                ],
                [
                    0.0,
                    0.0,
                    0.0,
                    0.9999999403953552
                ]
            ]
        },
        {
            "file_path": "end/train/rgba/0018.png",
            "time": 1.0,
            "transform_matrix": [
                [
                    0.009633583016693592,
                    0.5308730006217957,
                    -0.8473966121673584,
                    -1.1599853038787842
                ],
                [
                    -0.0003187039401382208,
                    0.8474376201629639,
                    0.5308949947357178,
                    0.7770174145698547
                ],
                [
                    0.99995356798172,
                    -0.004844411741942167,
                    0.00833315309137106,
                    0.5017194747924805
                ],
                [
                    0.0,
                    0.0,
                    0.0,
                    1.0
                ]
            ]
        },
        {
            "file_path": "end/train/rgba/0019.png",
            "time": 1.0,
            "transform_matrix": [
                [
                    0.06669826060533524,
                    0.527596116065979,
                    -0.846872866153717,
                    -1.1513327360153198
                ],
                [
                    -0.014460005797445774,
                    0.8491848707199097,
                    0.5278977155685425,
                    0.7740872502326965
                ],
                [
                    0.9976683259010315,
                    -0.0229641180485487,
                    0.06426826119422913,
                    0.6453576683998108
                ],
                [
                    0.0,
                    0.0,
                    0.0,
                    1.0
                ]
            ]
        },
        {
            "file_path": "end/train/rgba/0020.png",
            "time": 1.0,
            "transform_matrix": [
                [
                    0.13596037030220032,
                    0.5219156742095947,
                    -0.8420918583869934,
                    -1.1106922626495361
                ],
                [
                    -0.013453240506350994,
                    0.850878894329071,
                    0.5251895785331726,
                    0.7668569087982178
                ],
                [
                    0.9906228184700012,
                    -0.06007618084549904,
                    0.12270743399858475,
                    0.7630611062049866
                ],
                [
                    0.0,
                    0.0,
                    0.0,
                    0.9999999403953552
                ]
            ]
        },
        {
            "file_path": "end/train/rgba/0021.png",
            "time": 1.0,
            "transform_matrix": [
                [
                    0.24101541936397552,
                    0.5154148936271667,
                    -0.8223497271537781,
                    -1.0932421684265137
                ],
                [
                    -0.015176861546933651,
                    0.8492258787155151,
                    0.527811586856842,
                    0.7694272398948669
                ],
                [
                    0.9704025387763977,
                    -0.11473013460636139,
                    0.21249903738498688,
                    0.8839942216873169
                ],
                [
                    0.0,
                    0.0,
                    0.0,
                    1.0
                ]
            ]
        },
        {
            "file_path": "end/train/rgba/0022.png",
            "time": 1.0,
            "transform_matrix": [
                [
                    0.39349260926246643,
                    0.48197346925735474,
                    -0.7828570008277893,
                    -1.0824246406555176
                ],
                [
                    0.0016663523856550455,
                    0.8511784672737122,
                    0.5248737931251526,
                    0.7694157958030701
                ],
                [
                    0.9193261861801147,
                    -0.20783855020999908,
                    0.3341294527053833,
                    1.0591472387313843
                ],
                [
                    0.0,
                    0.0,
                    0.0,
                    1.0
                ]
            ]
        },
        {
            "file_path": "end/train/rgba/0023.png",
            "time": 1.0,
            "transform_matrix": [
                [
                    0.4814159572124481,
                    0.45798707008361816,
                    -0.7473194599151611,
                    -1.027819037437439
                ],
                [
                    0.017653916031122208,
                    0.847385823726654,
                    0.5306841731071472,
                    0.7631732821464539
                ],
                [
                    0.8763144612312317,
                    -0.26867300271987915,
                    0.39985987544059753,
                    1.1831480264663696
                ],
                [
                    0.0,
                    0.0,
                    0.0,
                    1.0
                ]
            ]
        },
        {
            "file_path": "end/train/rgba/0024.png",
            "time": 1.0,
            "transform_matrix": [
                [
                    0.5533762574195862,
                    0.451608806848526,
                    -0.6998743414878845,
                    -0.9031001925468445
                ],
                [
                    0.01124745886772871,
                    0.8361263871192932,
                    0.5484215617179871,
                    0.7494028806686401
                ],
                [
                    0.8328552842140198,
                    -0.3113552927970886,
                    0.45761317014694214,
                    1.269596815109253
                ],
                [
                    0.0,
                    0.0,
                    0.0,
                    0.9999999403953552
                ]
            ]
        },
        {
            "file_path": "end/train/rgba/0025.png",
            "time": 1.0,
            "transform_matrix": [
                [
                    0.6376858949661255,
                    0.42160728573799133,
                    -0.6446734666824341,
                    -0.8302966356277466
                ],
                [
                    0.001562008517794311,
                    0.8362066149711609,
                    0.5484123229980469,
                    0.7577703595161438
                ],
                [
                    0.7702947854995728,
                    -0.3507217764854431,
                    0.5325786471366882,
                    1.3563804626464844
                ],
                [
                    0.0,
                    0.0,
                    0.0,
                    1.0
                ]
            ]
        },
        {
            "file_path": "end/train/rgba/0026.png",
            "time": 1.0,
            "transform_matrix": [
                [
                    0.7152367234230042,
                    0.3782791793346405,
                    -0.5876573920249939,
                    -0.7679166197776794
                ],
                [
                    0.007165022660046816,
                    0.8368401527404785,
                    0.5474004149436951,
                    0.7592812180519104
                ],
                [
                    0.6988455057144165,
                    -0.39573147892951965,
                    0.5958284735679626,
                    1.4873887300491333
                ],
                [
                    0.0,
                    0.0,
                    0.0,
                    1.0
                ]
            ]
        },
        {
            "file_path": "end/train/rgba/0027.png",
            "time": 1.0,
            "transform_matrix": [
                [
                    0.7564502358436584,
                    0.35432320833206177,
                    -0.5497618317604065,
                    -0.7160686254501343
                ],
                [
                    0.0035892659798264503,
                    0.8382870554924011,
                    0.5452172756195068,
                    0.7541866898536682
                ],
                [
                    0.6540414094924927,
                    -0.41440296173095703,
                    0.632850706577301,
                    1.5556812286376953
                ],
                [
                    0.0,
                    0.0,
                    0.0,
                    1.0
                ]
            ]
        },
        {
            "file_path": "end/train/rgba/0028.png",
            "time": 1.0,
            "transform_matrix": [
                [
                    0.7701132893562317,
                    0.352908194065094,
                    -0.531395673751831,
                    -0.64653080701828
                ],
                [
                    -0.008755484595894814,
                    0.8387989401817322,
                    0.5443708896636963,
                    0.7584558129310608
                ],
                [
                    0.6378469467163086,
                    -0.41457468271255493,
                    0.6490601897239685,
                    1.582257628440857
                ],
                [
                    0.0,
                    0.0,
                    0.0,
                    1.0
                ]
            ]
        },
        {
            "file_path": "end/train/rgba/0029.png",
            "time": 1.0,
            "transform_matrix": [
                [
                    0.7892646193504333,
                    0.3450945317745209,
                    -0.5079087018966675,
                    -0.5688354969024658
                ],
                [
                    -0.0038491706363856792,
                    0.8299052119255066,
                    0.5578911900520325,
                    0.7489756941795349
                ],
                [
                    0.6140410900115967,
                    -0.4383687973022461,
                    0.6563432216644287,
                    1.5918123722076416
                ],
                [
                    0.0,
                    0.0,
                    0.0,
                    1.0
                ]
            ]
        },
        {
            "file_path": "end/train/rgba/0030.png",
            "time": 1.0,
            "transform_matrix": [
                [
                    0.7994338274002075,
                    0.343988835811615,
                    -0.49252113699913025,
                    -0.5411439538002014
                ],
                [
                    -0.007071684114634991,
                    0.8251698613166809,
                    0.5648404955863953,
                    0.746975839138031
                ],
                [
                    0.6007123589515686,
                    -0.44806969165802,
                    0.6621013879776001,
                    1.605376124382019
                ],
                [
                    0.0,
                    0.0,
                    0.0,
                    1.0
                ]
            ]
        },
        {
            "file_path": "end/train/rgba/0031.png",
            "time": 1.0,
            "transform_matrix": [
                [
                    0.801006555557251,
                    0.33935415744781494,
                    -0.49318060278892517,
                    -0.558957040309906
                ],
                [
                    -0.02687721699476242,
                    0.843368411064148,
                    0.5366631150245667,
                    0.7490648627281189
                ],
                [
                    0.5980517268180847,
                    -0.41661539673805237,
                    0.6846647262573242,
                    1.6053187847137451
                ],
                [
                    0.0,
                    0.0,
                    0.0,
                    1.0
                ]
            ]
        },
        {
            "file_path": "end/train/rgba/0032.png",
            "time": 1.0,
            "transform_matrix": [
                [
                    0.7935003638267517,
                    0.3195075988769531,
                    -0.5179499387741089,
                    -0.6210600137710571
                ],
                [
                    -0.0010394621640443802,
                    0.8518041372299194,
                    0.5238596796989441,
                    0.7441756129264832
                ],
                [
                    0.6085688471794128,
                    -0.4151444137096405,
                    0.6762389540672302,
                    1.61091947555542
                ],
                [
                    0.0,
                    0.0,
                    0.0,
                    1.0000001192092896
                ]
            ]
        },
        {
            "file_path": "end/train/rgba/0033.png",
            "time": 1.0,
            "transform_matrix": [
                [
                    0.7785254716873169,
                    0.31913337111473083,
                    -0.5404181480407715,
                    -0.7237106561660767
                ],
                [
                    0.007966458797454834,
                    0.8559750318527222,
                    0.5169558525085449,
                    0.7472444176673889
                ],
                [
                    0.6275621652603149,
                    -0.4067685902118683,
                    0.663856029510498,
                    1.6289441585540771
                ],
                [
                    0.0,
                    0.0,
                    0.0,
                    1.0
                ]
            ]
        },
        {
            "file_path": "end/train/rgba/0034.png",
            "time": 1.0,
            "transform_matrix": [
                [
                    0.6887166500091553,
                    0.3750936985015869,
                    -0.6204626560211182,
                    -0.8691707253456116
                ],
                [
                    -0.004104337189346552,
                    0.8577778339385986,
                    0.5140041708946228,
                    0.7257999181747437
                ],
                [
                    0.7250187993049622,
                    -0.3514566719532013,
                    0.5923055410385132,
                    1.5994385480880737
                ],
                [
                    0.0,
                    0.0,
                    0.0,
                    0.9999999403953552
                ]
            ]
        },
        {
            "file_path": "end/train/rgba/0035.png",
            "time": 1.0,
            "transform_matrix": [
                [
                    0.6170223355293274,
                    0.4055388271808624,
                    -0.6744046807289124,
                    -1.016874074935913
                ],
                [
                    -0.03288816288113594,
                    0.869530200958252,
                    0.4927835464477539,
                    0.706625759601593
                ],
                [
                    0.7862580418586731,
                    -0.28187862038612366,
                    0.5498571395874023,
                    1.565525770187378
                ],
                [
                    0.0,
                    0.0,
                    0.0,
                    1.0000001192092896
                ]
            ]
        },
        {
            "file_path": "end/train/rgba/0036.png",
            "time": 1.0,
            "transform_matrix": [
                [
                    0.6220578551292419,
                    0.3895490765571594,
                    -0.6791874766349792,
                    -1.073800802230835
                ],
                [
                    -0.03519280627369881,
                    0.8804830312728882,
                    0.4727698862552643,
                    0.6836102604866028
                ],
                [
                    0.7821798920631409,
                    -0.27018773555755615,
                    0.561420738697052,
                    1.5889192819595337
                ],
                [
                    0.0,
                    0.0,
                    0.0,
                    1.0
                ]
            ]
        },
        {
            "file_path": "end/train/rgba/0037.png",
            "time": 1.0,
            "transform_matrix": [
                [
                    0.5884622931480408,
                    0.35358962416648865,
                    -0.7271082401275635,
                    -1.1286169290542603
                ],
                [
                    -0.02189161628484726,
                    0.9059408903121948,
                    0.42283788323402405,
                    0.6330358982086182
                ],
                [
                    0.808228075504303,
                    -0.23290665447711945,
                    0.5408528447151184,
                    1.6661442518234253
                ],
                [
                    0.0,
                    0.0,
                    0.0,
                    0.9999999403953552
                ]
            ]
        },
        {
            "file_path": "end/train/rgba/0038.png",
            "time": 1.0,
            "transform_matrix": [
                [
                    0.6070314645767212,
                    0.3279789090156555,
                    -0.7238386869430542,
                    -1.1895877122879028
                ],
                [
                    -0.04554956033825874,
                    0.9237208962440491,
                    0.38034847378730774,
                    0.5959491729736328
                ],
                [
                    0.7933711409568787,
                    -0.19791299104690552,
                    0.5756670236587524,
                    1.7100228071212769
                ],
                [
                    0.0,
                    0.0,
                    0.0,
                    0.9999999403953552
                ]
            ]
        },
        {
            "file_path": "end/train/rgba/0039.png",
            "time": 1.0,
            "transform_matrix": [
                [
                    0.6160910129547119,
                    0.3185860216617584,
                    -0.7203713059425354,
                    -1.2163372039794922
                ],
                [
                    -0.028951173648238182,
                    0.9230950474739075,
                    0.38348081707954407,
                    0.5494609475135803
                ],
                [
                    0.7871426939964294,
                    -0.21540352702140808,
                    0.5779339671134949,
                    1.702565312385559
                ],
                [
                    0.0,
                    0.0,
                    0.0,
                    1.0
                ]
            ]
        },
        {
            "file_path": "end/train/rgba/0040.png",
            "time": 1.0,
            "transform_matrix": [
                [
                    0.5857076048851013,
                    0.30655813217163086,
                    -0.7503123879432678,
                    -1.2594012022018433
                ],
                [
                    0.006684901658445597,
                    0.9238560795783997,
                    0.38268184661865234,
                    0.47576552629470825
                ],
                [
                    0.8104947805404663,
                    -0.229155495762825,
                    0.5390602350234985,
                    1.665008544921875
                ],
                [
                    0.0,
                    0.0,
                    0.0,
                    1.0
                ]
            ]
        },
        {
            "file_path": "end/train/rgba/0041.png",
            "time": 1.0,
            "transform_matrix": [
                [
                    0.5766488313674927,
                    0.29732298851013184,
                    -0.7609698176383972,
                    -1.289861798286438
                ],
                [
                    0.0035448861308395863,
                    0.9305093884468079,
                    0.3662509620189667,
                    0.3620227575302124
                ],
                [
                    0.8169844150543213,
                    -0.2138957977294922,
                    0.5355232357978821,
                    1.6444264650344849
                ],
                [
                    0.0,
                    0.0,
                    0.0,
                    0.9999999403953552
                ]
            ]
        },
        {
            "file_path": "end/train/rgba/0042.png",
            "time": 1.0,
            "transform_matrix": [
                [
                    0.5376739501953125,
                    0.2841246724128723,
                    -0.7938386797904968,
                    -1.2880669832229614
                ],
                [
                    0.019291646778583527,
                    0.9371201395988464,
                    0.34847328066825867,
                    0.26769447326660156
                ],
                [
                    0.8429320454597473,
                    -0.20267951488494873,
                    0.4983839690685272,
                    1.646935224533081
                ],
                [
                    0.0,
                    0.0,
                    0.0,
                    0.9999999403953552
                ]
            ]
        },
        {
            "file_path": "end/train/rgba/0043.png",
            "time": 1.0,
            "transform_matrix": [
                [
                    0.5427802205085754,
                    0.28044095635414124,
                    -0.791670560836792,
                    -1.276376724243164
                ],
                [
                    -0.01413192879408598,
                    0.9455217123031616,
                    0.3252519965171814,
                    0.26580333709716797
                ],
                [
                    0.8397558331489563,
                    -0.16535258293151855,
                    0.5171737670898438,
                    1.6767964363098145
                ],
                [
                    0.0,
                    0.0,
                    0.0,
                    0.9999999403953552
                ]
            ]
        },
        {
            "file_path": "end/train/rgba/0044.png",
            "time": 1.0,
            "transform_matrix": [
                [
                    0.5387270450592041,
                    0.29375845193862915,
                    -0.7896068692207336,
                    -1.288041114807129
                ],
                [
                    -0.011104742996394634,
                    0.9396353960037231,
                    0.34199726581573486,
                    0.30198392271995544
                ],
                [
                    0.8424071073532104,
                    -0.17547482252120972,
                    0.509469211101532,
                    1.6768522262573242
                ],
                [
                    0.0,
                    0.0,
                    0.0,
                    1.0000001192092896
                ]
            ]
        },
        {
            "file_path": "end/train/rgba/0045.png",
            "time": 1.0,
            "transform_matrix": [
                [
                    0.5079090595245361,
                    0.29694536328315735,
