{
    "camera_angle_x": 1.0820048038452565,
    "camera_angle_y": 0.8466968507991623,
    "frames": [
        {
            "file_path": "end/train/rgba/0000.png",
            "time": 1.0,
            "transform_matrix": [
                [
                    0.9337967038154602,
                    -0.04158452898263931,
                    0.3553789258003235,
                    1.4698281288146973
                ],
                [
                    -0.03457298129796982,
                    0.9780892133712769,
                    0.20529499650001526,
                    0.1968221217393875
                ],
                [
                    -0.35612940788269043,
                    -0.20399032533168793,
                    0.9118987917900085,
                    1.9334495067596436
                ],
                [
                    0.0,
                    0.0,
                    0.0,
                    0.9999998807907104
                ]
            ]
        },
        {
            "file_path": "end/train/rgba/0001.png",
            "time": 1.0,
            "transform_matrix": [
                [
                    0.9347472190856934,
                    -0.03863360360264778,
                    0.35320666432380676,
                    1.471804141998291
                ],
                [
                    -0.03980694338679314,
                    0.9764263033866882,
                    0.21214860677719116,
                    0.19602298736572266
                ],
                [
                    -0.35307636857032776,
                    -0.21236540377140045,
                    0.9111738801002502,
                    1.9312090873718262
                ],
                [
                    0.0,
                    0.0,
                    0.0,
                    0.9999999403953552
                ]
            ]
        },
        {
            "file_path": "end/train/rgba/0002.png",
            "time": 1.0,
            "transform_matrix": [
                [
                    0.9425083994865417,
                    -0.06336072087287903,
                    0.32812073826789856,
                    1.463141679763794
                ],
                [
                    -0.017439808696508408,
                    0.9711978435516357,
                    0.23763498663902283,
                    0.23118793964385986
                ],
                [
                    -0.3337269127368927,
                    -0.22969533503055573,
                    0.9142571091651917,
                    1.9320216178894043
                ],
                [
                    0.0,
                    0.0,
                    0.0,
                    0.9999999403953552
                ]
            ]
        },
        {
            "file_path": "end/train/rgba/0003.png",
            "time": 1.0,
            "transform_matrix": [
                [
                    0.9497337341308594,
                    -0.07145915925502777,
                    0.30479350686073303,
                    1.452864646911621
                ],
                [
                    -0.005287801846861839,
                    0.9697991609573364,
                    0.24384711682796478,
                    0.2976793646812439
                ],
                [
                    -0.31301364302635193,
                    -0.23320156335830688,
                    0.9206732511520386,
                    1.929548978805542
                ],
                [
                    0.0,
                    0.0,
                    0.0,
                    0.9999998807907104
                ]
            ]
        },
        {
            "file_path": "end/train/rgba/0004.png",
            "time": 1.0,
            "transform_matrix": [
                [
                    0.958221971988678,
                    -0.07950646430253983,
                    0.2747531533241272,
                    1.4410631656646729
                ],
                [
                    0.004054544493556023,
                    0.9642689824104309,
                    0.26489394903182983,
                    0.36192476749420166
                ],
                [
                    -0.28599676489830017,
                    -0.2527132034301758,
                    0.9243059754371643,
                    1.9279139041900635
                ],
                [
                    0.0,
                    0.0,
                    0.0,
                    0.9999999403953552
                ]
            ]
        },
        {
            "file_path": "end/train/rgba/0005.png",
            "time": 1.0,
            "transform_matrix": [
                [
                    0.9679341316223145,
                    -0.08095401525497437,
                    0.23780202865600586,
                    1.4227851629257202
                ],
                [
                    0.008142439648509026,
                    0.95626300573349,
                    0.29239439964294434,
                    0.4177098870277405
                ],
                [
                    -0.25107184052467346,
                    -0.2810822129249573,
                    0.9262588024139404,
                    1.9183917045593262
                ],
                [
                    0.0,
                    0.0,
                    0.0,
                    0.9999998807907104
                ]
            ]
        },
        {
            "file_path": "end/train/rgba/0006.png",
            "time": 1.0,
            "transform_matrix": [
                [
                    0.9705833792686462,
                    -0.10317239910364151,
                    0.21753887832164764,
                    1.4111217260360718
                ],
                [
                    0.040893521159887314,
                    0.9610466957092285,
                    0.2733438313007355,
                    0.4784811735153198
                ],
                [
                    -0.2372666299343109,
                    -0.2564070522785187,
                    0.9369950890541077,
                    1.9236555099487305
                ],
                [
                    0.0,
                    0.0,
                    0.0,
                    0.9999999403953552
                ]
            ]
        },
        {
            "file_path": "end/train/rgba/0007.png",
            "time": 1.0,
            "transform_matrix": [
                [
                    0.977465808391571,
                    -0.09496614336967468,
                    0.18852554261684418,
                    1.402202844619751
                ],
                [
                    0.037262819707393646,
                    0.9566898345947266,
                    0.2887141704559326,
                    0.5252354145050049
                ],
                [
                    -0.20777855813503265,
                    -0.2751832604408264,
                    0.93867027759552,
                    1.9331955909729004
                ],
                [
                    0.0,
                    0.0,
                    0.0,
                    0.9999999403953552
                ]
            ]
        },
        {
            "file_path": "end/train/rgba/0008.png",
            "time": 1.0,
            "transform_matrix": [
                [
                    0.9822738766670227,
                    -0.10818905383348465,
                    0.15307824313640594,
                    1.3878638744354248
                ],
                [
                    0.05443765968084335,
                    0.9460783004760742,
                    0.31933096051216125,
                    0.5593945980072021
                ],
                [
                    -0.17937210202217102,
                    -0.3053372800350189,
                    0.935197651386261,
                    1.9371421337127686
                ],
                [
                    0.0,
                    0.0,
                    0.0,
                    0.9999999403953552
                ]
            ]
        },
        {
            "file_path": "end/train/rgba/0009.png",
            "time": 1.0,
            "transform_matrix": [
                [
                    0.9842946529388428,
                    -0.11184456199407578,
                    0.13658224046230316,
                    1.3775780200958252
                ],
                [
                    0.05658110976219177,
                    0.9327508807182312,
                    0.35605379939079285,
                    0.5918352603912354
                ],
                [
                    -0.167219877243042,
                    -0.34273386001586914,
                    0.9244299530982971,
                    1.9361357688903809
                ],
                [
                    0.0,
                    0.0,
                    0.0,
                    0.9999999403953552
                ]
            ]
        },
        {
            "file_path": "end/train/rgba/0010.png",
            "time": 1.0,
            "transform_matrix": [
                [
                    0.9828450083732605,
                    -0.09743023663759232,
                    0.1565973162651062,
                    1.3736149072647095
                ],
                [
                    0.04154796898365021,
                    0.9442152976989746,
                    0.3266972005367279,
                    0.6088756322860718
                ],
                [
                    -0.17969182133674622,
                    -0.31458649039268494,
                    0.9320654273033142,
                    1.942042350769043
                ],
                [
                    0.0,
                    0.0,
                    0.0,
                    0.9999999403953552
                ]
            ]
        },
        {
            "file_path": "end/train/rgba/0011.png",
            "time": 1.0,
            "transform_matrix": [
                [
                    0.984145998954773,
                    -0.08600368350744247,
                    0.15511199831962585,
                    1.3783718347549438
                ],
                [
                    0.03204780071973801,
                    0.9463986754417419,
                    0.3214067220687866,
                    0.5781437754631042
                ],
                [
                    -0.17443999648094177,
                    -0.3113401532173157,
                    0.9341508150100708,
                    1.944434642791748
                ],
                [
                    0.0,
                    0.0,
                    0.0,
                    0.9999998807907104
                ]
            ]
        },
        {
            "file_path": "end/train/rgba/0012.png",
            "time": 1.0,
            "transform_matrix": [
                [
                    0.9907474517822266,
                    -0.06260300427675247,
                    0.12041621655225754,
                    1.292222499847412
                ],
                [
                    0.020133262500166893,
                    0.9452356696128845,
                    0.32576680183410645,
                    0.5673359036445618
                ],
                [
                    -0.13421568274497986,
                    -0.3203282952308655,
                    0.9377503395080566,
                    1.9357326030731201
                ],
                [
                    0.0,
                    0.0,
                    0.0,
                    0.9999998807907104
                ]
            ]
        },
        {
            "file_path": "end/train/rgba/0013.png",
            "time": 1.0,
            "transform_matrix": [
                [
                    0.9982501268386841,
                    0.013827512972056866,
                    0.057490747421979904,
                    1.1874182224273682
                ],
                [
                    -0.031161127611994743,
                    0.9493266940116882,
                    0.31274205446243286,
                    0.5673225522041321
                ],
                [
                    -0.05025303736329079,
                    -0.31398630142211914,
                    0.9480964541435242,
                    1.934387445449829
                ],
                [
                    0.0,
                    0.0,
                    0.0,
                    0.9999998807907104
                ]
            ]
        },
        {
            "file_path": "end/train/rgba/0014.png",
            "time": 1.0,
            "transform_matrix": [
                [
                    0.9989824295043945,
                    0.04506796598434448,
                    -0.0016803513281047344,
                    1.1411280632019043
                ],
                [
                    -0.042235877364873886,
                    0.9479708671569824,
                    0.31554263830184937,
                    0.5630788803100586
                ],
                [
                    0.015813812613487244,
                    -0.31515055894851685,
                    0.9489097595214844,
                    1.9678025245666504
                ],
                [
                    0.0,
                    0.0,
                    0.0,
                    0.9999999403953552
                ]
            ]
        },
        {
            "file_path": "end/train/rgba/0015.png",
            "time": 1.0,
            "transform_matrix": [
                [
                    0.9977534413337708,
                    0.05781977251172066,
                    -0.033833734691143036,
                    1.0729271173477173
                ],
                [
                    -0.043899308890104294,
                    0.9458087682723999,
                    0.32174286246299744,
                    0.5668221712112427
                ],
                [
                    0.050603341311216354,
                    -0.3195348083972931,
                    0.9462222456932068,
                    2.0453977584838867
                ],
                [
                    0.0,
                    0.0,
                    0.0,
                    1.0
                ]
            ]
        },
        {
            "file_path": "end/train/rgba/0016.png",
            "time": 1.0,
            "transform_matrix": [
                [
                    0.9959093928337097,
                    0.06763575971126556,
                    -0.05991208553314209,
                    1.012157678604126
                ],
                [
                    -0.043537985533475876,
                    0.9402374029159546,
                    0.337724506855011,
                    0.5723239779472351
                ],
                [
                    0.07917384803295135,
                    -0.3337346315383911,
                    0.9393361806869507,
                    2.0636696815490723
                ],
                [
                    0.0,
                    0.0,
                    0.0,
                    0.9999998807907104
                ]
            ]
        },
        {
            "file_path": "end/train/rgba/0017.png",
            "time": 1.0,
            "transform_matrix": [
                [
                    0.9889967441558838,
                    0.07967176288366318,
                    -0.12465014308691025,
                    0.9029715061187744
                ],
                [
                    -0.03639974445104599,
                    0.9477405548095703,
                    0.3169585168361664,
                    0.5700356364250183
                ],
                [
                    0.14338865876197815,
                    -0.30893373489379883,
                    0.9402123689651489,
                    2.0184388160705566
                ],
                [
                    0.0,
                    0.0,
                    0.0,
                    0.9999998807907104
                ]
            ]
        },
        {
            "file_path": "end/train/rgba/0018.png",
            "time": 1.0,
            "transform_matrix": [
                [
                    0.9775327444076538,
                    0.11244748532772064,
                    -0.17828388512134552,
                    0.7593418955802917
                ],
                [
                    -0.05246283859014511,
                    0.948994517326355,
                    0.3108968734741211,
                    0.5594933032989502
                ],
                [
                    0.2041500061750412,
                    -0.2945586144924164,
                    0.9335725903511047,
                    1.9628890752792358
                ],
                [
                    0.0,
                    0.0,
                    0.0,
                    1.0
                ]
            ]
        },
        {
            "file_path": "end/train/rgba/0019.png",
            "time": 1.0,
            "transform_matrix": [
                [
                    0.9689845442771912,
                    0.10746242105960846,
                    -0.2225320041179657,
                    0.6390520930290222
                ],
                [
                    -0.03590615093708038,
                    0.9521670937538147,
                    0.3034604787826538,
                    0.5658521056175232
                ],
                [
                    0.24449829757213593,
                    -0.2860582768917084,
                    0.9264938235282898,
                    1.977818489074707
                ],
                [
                    0.0,
                    0.0,
                    0.0,
                    0.9999998807907104
                ]
            ]
        },
        {
            "file_path": "end/train/rgba/0020.png",
            "time": 1.0,
            "transform_matrix": [
                [
                    0.9588074088096619,
                    0.12298613041639328,
                    -0.2560518980026245,
                    0.5463663935661316
                ],
                [
                    -0.04231570288538933,
                    0.9531947374343872,
                    0.2993811368942261,
                    0.5552178621292114
                ],
                [
                    0.28088706731796265,
                    -0.2762138843536377,
                    0.9191343784332275,
                    2.0427916049957275
                ],
                [
                    0.0,
                    0.0,
                    0.0,
                    0.9999999403953552
                ]
            ]
        },
        {
            "file_path": "end/train/rgba/0021.png",
            "time": 1.0,
            "transform_matrix": [
                [
                    0.9578580260276794,
                    0.1399422138929367,
                    -0.2508462369441986,
                    0.4546617567539215
                ],
                [
                    -0.060397565364837646,
                    0.9518944025039673,
                    0.3004147410392761,
                    0.5679349303245544
                ],
                [
                    0.2808198630809784,
                    -0.27260422706604004,
                    0.9202319979667664,
                    2.09055757522583
                ],
                [
                    0.0,
                    0.0,
                    0.0,
                    0.9999998807907104
                ]
            ]
        },
        {
            "file_path": "end/train/rgba/0022.png",
            "time": 1.0,
            "transform_matrix": [
                [
                    0.9431105256080627,
                    0.13241292536258698,
                    -0.3049740791320801,
                    0.37912094593048096
                ],
                [
                    -0.04163442924618721,
                    0.957086980342865,
                    0.2867942452430725,
                    0.5708304643630981
                ],
                [
                    0.3298620283603668,
                    -0.2577812373638153,
                    0.9081518054008484,
                    2.034315586090088
                ],
                [
                    0.0,
                    0.0,
                    0.0,
                    0.9999999403953552
                ]
            ]
        },
        {
            "file_path": "end/train/rgba/0023.png",
            "time": 1.0,
            "transform_matrix": [
                [
                    0.9263550043106079,
                    0.1517297774553299,
                    -0.3447379469871521,
                    0.26424309611320496
                ],
                [
                    -0.056458037346601486,
                    0.9608665704727173,
                    0.2711969017982483,
                    0.5624410510063171
                ],
                [
                    0.37239590287208557,
                    -0.2317614108324051,
                    0.898669958114624,
                    1.941809892654419
                ],
                [
                    0.0,
                    0.0,
                    0.0,
                    0.9999998807907104
                ]
            ]
        },
        {
            "file_path": "end/train/rgba/0024.png",
            "time": 1.0,
            "transform_matrix": [
                [
                    0.9068393111228943,
                    0.16784226894378662,
                    -0.38661494851112366,
                    0.16386905312538147
                ],
                [
                    -0.05663485452532768,
                    0.9574941992759705,
                    0.2828376591205597,
                    0.5617216229438782
                ],
                [
                    0.4176537096500397,
                    -0.23459245264530182,
                    0.8777992129325867,
                    1.877049207687378
                ],
                [
                    0.0,
                    0.0,
                    0.0,
                    0.9999998807907104
                ]
            ]
        },
        {
            "file_path": "end/train/rgba/0025.png",
            "time": 1.0,
            "transform_matrix": [
                [
                    0.8960988521575928,
                    0.16995857656002045,
                    -0.4100252091884613,
                    0.10532429814338684
                ],
                [
                    -0.050098251551389694,
                    0.9566094875335693,
                    0.2870335876941681,
                    0.5552612543106079
                ],
                [
                    0.44101786613464355,
                    -0.23666894435882568,
                    0.865731418132782,
                    1.8830556869506836
                ],
                [
                    0.0,
                    0.0,
                    0.0,
                    0.9999999403953552
                ]
            ]
        },
        {
            "file_path": "end/train/rgba/0026.png",
            "time": 1.0,
            "transform_matrix": [
                [
                    0.8810136318206787,
                    0.185359388589859,
                    -0.4352661371231079,
                    0.01778578758239746
                ],
                [
                    -0.0524430088698864,
                    0.9526422619819641,
                    0.29953667521476746,
                    0.5490107536315918
                ],
                [
                    0.4701749384403229,
                    -0.2410692572593689,
                    0.8490116596221924,
                    1.9024930000305176
                ],
                [
                    0.0,
                    0.0,
                    0.0,
                    0.9999999403953552
                ]
            ]
        },
        {
            "file_path": "end/train/rgba/0027.png",
            "time": 1.0,
            "transform_matrix": [
                [
                    0.8805369734764099,
                    0.1730247437953949,
                    -0.4412672221660614,
                    -0.07874105125665665
                ],
                [
                    -0.03976968303322792,
                    0.95467609167099,
                    0.29497748613357544,
                    0.556287944316864
                ],
                [
                    0.4723057448863983,
                    -0.24218955636024475,
                    0.8475087881088257,
                    1.8934788703918457
                ],
                [
                    0.0,
                    0.0,
                    0.0,
                    0.9999998807907104
                ]
            ]
        },
        {
            "file_path": "end/train/rgba/0028.png",
            "time": 1.0,
            "transform_matrix": [
                [
                    0.8656911253929138,
                    0.19073179364204407,
                    -0.46281757950782776,
                    -0.16831904649734497
                ],
                [
                    -0.05211048945784569,
                    0.9538795948028564,
                    0.2956317067146301,
                    0.5540452003479004
                ],
                [
                    0.4978586435317993,
                    -0.23180809617042542,
                    0.8357041478157043,
                    1.801431655883789
                ],
                [
                    0.0,
                    0.0,
                    0.0,
                    0.9999999403953552
                ]
            ]
        },
        {
            "file_path": "end/train/rgba/0029.png",
            "time": 1.0,
            "transform_matrix": [
                [
                    0.8312081098556519,
                    0.21304066479206085,
                    -0.5135235786437988,
                    -0.2640268802642822
                ],
                [
                    -0.052781060338020325,
                    0.9497346878051758,
                    0.30857405066490173,
                    0.5454760789871216
                ],
                [
                    0.5534500479698181,
                    -0.22938494384288788,
                    0.8006717562675476,
                    1.7157330513000488
                ],
                [
                    0.0,
                    0.0,
                    0.0,
                    0.9999999403953552
                ]
            ]
        },
        {
            "file_path": "end/train/rgba/0030.png",
            "time": 1.0,
            "transform_matrix": [
                [
                    0.8175973296165466,
                    0.19601599872112274,
                    -0.5413982272148132,
                    -0.33874911069869995
                ],
                [
                    -0.02683197893202305,
                    0.9522188901901245,
                    0.30423516035079956,
                    0.5398120880126953
                ],
                [
                    0.5751646161079407,
                    -0.23421509563922882,
                    0.783791184425354,
                    1.7010385990142822
                ],
                [
                    0.0,
                    0.0,
                    0.0,
                    0.9999999403953552
                ]
            ]
        },
        {
            "file_path": "end/train/rgba/0031.png",
            "time": 1.0,
            "transform_matrix": [
                [
                    0.7992134690284729,
                    0.21873363852500916,
                    -0.5598332285881042,
                    -0.4187152683734894
                ],
                [
                    -0.04607326164841652,
                    0.9509842395782471,
                    0.3057873547077179,
                    0.5397471785545349
                ],
                [
                    0.5992786288261414,
                    -0.21859605610370636,
                    0.7701172232627869,
                    1.7332909107208252
                ],
                [
                    0.0,
                    0.0,
                    0.0,
                    0.9999998807907104
                ]
            ]
        },
        {
            "file_path": "end/train/rgba/0032.png",
            "time": 1.0,
            "transform_matrix": [
                [
                    0.7972038984298706,
                    0.19005553424358368,
                    -0.5730136632919312,
                    -0.5181487798690796
                ],
                [
                    -0.01908537745475769,
                    0.956613302230835,
                    0.29073432087898254,
                    0.5517826676368713
                ],
                [
                    0.6034082770347595,
                    -0.22083836793899536,
                    0.7662431597709656,
                    1.7256569862365723
                ],
                [
                    0.0,
                    0.0,
                    0.0,
                    0.9999998807907104
                ]
            ]
        },
        {
            "file_path": "end/train/rgba/0033.png",
            "time": 1.0,
            "transform_matrix": [
                [
                    0.7799519300460815,
                    0.1842115968465805,
                    -0.5981143712997437,
                    -0.5865590572357178
                ],
                [
                    -0.013003408908843994,
                    0.9602633118629456,
                    0.2787921726703644,
                    0.5489084124565125
                ],
                [
                    0.6257041096687317,
                    -0.20966696739196777,
                    0.7513546943664551,
                    1.6304025650024414
                ],
                [
                    0.0,
                    0.0,
                    0.0,
                    0.9999998807907104
                ]
            ]
        },
        {
            "file_path": "end/train/rgba/0034.png",
            "time": 1.0,
            "transform_matrix": [
                [
                    0.740136444568634,
                    0.22078557312488556,
                    -0.6351784467697144,
                    -0.6723731756210327
                ],
                [
                    -0.041546717286109924,
                    0.9577733874320984,
                    0.28450635075569153,
                    0.5474858283996582
                ],
                [
                    0.6711719632148743,
                    -0.18418394029140472,
                    0.7180558443069458,
                    1.5212651491165161
                ],
                [
                    0.0,
                    0.0,
                    0.0,
                    1.0
                ]
            ]
        },
        {
            "file_path": "end/train/rgba/0035.png",
            "time": 1.0,
            "transform_matrix": [
                [
                    0.7099644541740417,
                    0.22014085948467255,
                    -0.6689455509185791,
                    -0.7682654857635498
                ],
                [
                    -0.024515492841601372,
                    0.9570364952087402,
                    0.28892889618873596,
                    0.5450531244277954
                ],
                [
                    0.7038103938102722,
                    -0.18872976303100586,
                    0.6848588585853577,
                    1.487241268157959
                ],
                [
                    0.0,
                    0.0,
                    0.0,
                    1.0
                ]
            ]
        },
        {
            "file_path": "end/train/rgba/0036.png",
            "time": 1.0,
            "transform_matrix": [
                [
                    0.7103398442268372,
                    0.2169915735721588,
                    -0.6695757508277893,
                    -0.8834055662155151
                ],
                [
                    -0.010115730576217175,
                    0.9543418288230896,
                    0.2985450029373169,
                    0.543489933013916
                ],
                [
                    0.7037860155105591,
                    -0.20529517531394958,
                    0.6801021099090576,
                    1.497047781944275
                ],
                [
                    0.0,
                    0.0,
                    0.0,
                    0.9999998211860657
                ]
            ]
        },
        {
            "file_path": "end/train/rgba/0037.png",
            "time": 1.0,
            "transform_matrix": [
                [
                    0.7054026126861572,
                    0.18666714429855347,
                    -0.6837852001190186,
                    -0.9939202070236206
                ],
                [
                    0.008341855369508266,
                    0.9624460339546204,
                    0.2713445723056793,
                    0.5484089851379395
                ],
                [
                    0.7087576389312744,
                    -0.19711124897003174,
                    0.6773548722267151,
                    1.4296057224273682
                ],
                [
                    0.0,
                    0.0,
                    0.0,
                    1.0
                ]
            ]
        },
        {
            "file_path": "end/train/rgba/0038.png",
            "time": 1.0,
            "transform_matrix": [
                [
                    0.648762583732605,
                    0.21775594353675842,
                    -0.7291701436042786,
                    -1.07537841796875
                ],
                [
                    -0.018617859110236168,
                    0.9624403119087219,
                    0.27085381746292114,
                    0.5452337265014648
                ],
                [
                    0.7607628703117371,
                    -0.162144273519516,
                    0.6284494400024414,
                    1.293807029724121
                ],
                [
                    0.0,
                    0.0,
                    0.0,
                    0.9999999403953552
                ]
            ]
        },
        {
            "file_path": "end/train/rgba/0039.png",
            "time": 1.0,
            "transform_matrix": [
                [
                    0.62994384765625,
                    0.21592438220977783,
                    -0.7460208535194397,
                    -1.164415717124939
                ],
                [
                    -0.005056967958807945,
                    0.9616941809654236,
                    0.2740776240825653,
                    0.5411939024925232
                ],
                [
                    0.7766240239143372,
                    -0.16888095438480377,
                    0.6069052815437317,
                    1.254133939743042
                ],
                [
                    0.0,
                    0.0,
                    0.0,
                    0.9999998807907104
                ]
            ]
        },
        {
            "file_path": "end/train/rgba/0040.png",
            "time": 1.0,
            "transform_matrix": [
                [
                    0.6183305382728577,
                    0.23308174312114716,
                    -0.7505598664283752,
                    -1.2379273176193237
                ],
                [
                    -0.00958576612174511,
                    0.9571758508682251,
                    0.2893480658531189,
                    0.5384071469306946
                ],
                [
                    0.7858595252037048,
                    -0.17171809077262878,
                    0.5940853953361511,
                    1.2852427959442139
                ],
                [
                    0.0,
                    0.0,
                    0.0,
                    0.9999998807907104
                ]
            ]
        },
        {
            "file_path": "end/train/rgba/0041.png",
            "time": 1.0,
            "transform_matrix": [
                [
                    0.6184111833572388,
                    0.21567735075950623,
                    -0.7556788921356201,
                    -1.299882173538208
                ],
                [
                    0.0003514411801006645,
                    0.9615254998207092,
                    0.2747153341770172,
                    0.5407480597496033
                ],
                [
                    0.7858544588088989,
                    -0.17015264928340912,
                    0.594542384147644,
                    1.2342323064804077
                ],
                [
                    0.0,
                    0.0,
                    0.0,
                    0.9999998807907104
                ]
            ]
        },
        {
            "file_path": "end/train/rgba/0042.png",
            "time": 1.0,
            "transform_matrix": [
                [
                    0.5679972767829895,
                    0.225541889667511,
                    -0.7915236353874207,
                    -1.3347721099853516
                ],
                [
                    -0.021366525441408157,
                    0.9654353857040405,
                    0.25976482033729553,
                    0.5423546433448792
                ],
                [
                    0.822752833366394,
                    -0.1306336373090744,
                    0.5531837344169617,
                    1.1168538331985474
                ],
                [
                    0.0,
                    0.0,
                    0.0,
                    0.9999998807907104
                ]
            ]
        },
        {
            "file_path": "end/train/rgba/0043.png",
            "time": 1.0,
            "transform_matrix": [
                [
                    0.5592128038406372,
                    0.24246346950531006,
                    -0.7927750945091248,
                    -1.3678760528564453
                ],
                [
                    -0.03049711138010025,
                    0.9616443514823914,
                    0.2725984454154968,
                    0.5372898578643799
                ],
                [
                    0.8284628987312317,
                    -0.1282631903886795,
                    0.5451582074165344,
                    1.0500173568725586
                ],
                [
                    0.0,
                    0.0,
                    0.0,
                    0.9999999403953552
                ]
            ]
        },
        {
            "file_path": "end/train/rgba/0044.png",
            "time": 1.0,
            "transform_matrix": [
                [
                    0.561964213848114,
                    0.21911117434501648,
                    -0.7976128458976746,
                    -1.3823161125183105
                ],
                [
                    0.0018082058522850275,
                    0.9639493227005005,
                    0.26607921719551086,
                    0.5310728549957275
                ],
                [
                    0.8271594643592834,
                    -0.1509692519903183,
                    0.5413088202476501,
                    1.039245843887329
                ],
                [
                    0.0,
