{
    "camera_angle_x": 1.0820048038452565,
    "camera_angle_y": 0.8466968507991623,
    "frames": [
        {
            "file_path": "start/train/rgba/0000.png",
            "time": 0.0,
            "transform_matrix": [
                [
                    0.9919352531433105,
                    0.030898690223693848,
                    -0.12292011827230453,
                    0.6177293658256531
                ],
                [
                    0.0024373282212764025,
                    0.9649988412857056,
                    0.26224246621131897,
                    0.40178799629211426
                ],
                [
                    0.12672072649002075,
                    -0.2604271471500397,
                    0.9571412205696106,
                    1.7406692504882812
                ],
                [
                    0.0,
                    0.0,
                    0.0,
                    0.9999999403953552
                ]
            ]
        },
        {
            "file_path": "start/train/rgba/0001.png",
            "time": 0.0,
            "transform_matrix": [
                [
                    0.9915919303894043,
                    0.029937053099274635,
                    -0.12589240074157715,
                    0.6180810928344727
                ],
                [
                    0.004008057992905378,
                    0.9652989506721497,
                    0.26111629605293274,
                    0.4022693634033203
                ],
                [
                    0.12934087216854095,
                    -0.25942546129226685,
                    0.9570627212524414,
                    1.7419466972351074
                ],
                [
                    0.0,
                    0.0,
                    0.0,
                    0.9999999403953552
                ]
            ]
        },
        {
            "file_path": "start/train/rgba/0002.png",
            "time": 0.0,
            "transform_matrix": [
                [
                    0.9917114973068237,
                    0.03167618066072464,
                    -0.12451765686273575,
                    0.6138740181922913
                ],
                [
                    0.0026070503517985344,
                    0.963972270488739,
                    0.2659895718097687,
                    0.39809292554855347
                ],
                [
                    0.12845711410045624,
                    -0.2641095817089081,
                    0.9558998942375183,
                    1.7387886047363281
                ],
                [
                    0.0,
                    0.0,
                    0.0,
                    0.9999998807907104
                ]
            ]
        },
        {
            "file_path": "start/train/rgba/0003.png",
            "time": 0.0,
            "transform_matrix": [
                [
                    0.9857597351074219,
                    0.031489670276641846,
                    -0.16518433392047882,
                    0.5572143793106079
                ],
                [
                    0.014051993377506733,
                    0.9634489417076111,
                    0.26752281188964844,
                    0.3914541006088257
                ],
                [
                    0.16757090389728546,
                    -0.26603439450263977,
                    0.9492867588996887,
                    1.7195582389831543
                ],
                [
                    0.0,
                    0.0,
                    0.0,
                    0.9999999403953552
                ]
            ]
        },
        {
            "file_path": "start/train/rgba/0004.png",
            "time": 0.0,
            "transform_matrix": [
                [
                    0.9697824120521545,
                    0.07452049106359482,
                    -0.2323116511106491,
                    0.4216092824935913
                ],
                [
                    -0.00850325170904398,
                    0.9619544148445129,
                    0.27307718992233276,
                    0.39122623205184937
                ],
                [
                    0.2438231110572815,
                    -0.2628500461578369,
                    0.9335201978683472,
                    1.6783251762390137
                ],
                [
                    0.0,
                    0.0,
                    0.0,
                    0.9999998807907104
                ]
            ]
        },
        {
            "file_path": "start/train/rgba/0005.png",
            "time": 0.0,
            "transform_matrix": [
                [
                    0.9554967284202576,
                    0.08722289651632309,
                    -0.28181156516075134,
                    0.3226638734340668
                ],
                [
                    -0.007818418554961681,
                    0.9624418616294861,
                    0.27137455344200134,
                    0.396570086479187
                ],
                [
                    0.2948974072933197,
                    -0.25709423422813416,
                    0.9202921390533447,
                    1.678633213043213
                ],
                [
                    0.0,
                    0.0,
                    0.0,
                    0.9999999403953552
                ]
            ]
        },
        {
            "file_path": "start/train/rgba/0006.png",
            "time": 0.0,
            "transform_matrix": [
                [
                    0.9468446969985962,
                    0.09395471960306168,
                    -0.3076643943786621,
                    0.27293094992637634
                ],
                [
                    -0.01047582272440195,
                    0.9648966193199158,
                    0.26242101192474365,
                    0.3971809148788452
                ],
                [
                    0.32152003049850464,
                    -0.245248943567276,
                    0.9145914912223816,
                    1.729663610458374
                ],
                [
                    0.0,
                    0.0,
                    0.0,
                    0.9999999403953552
                ]
            ]
        },
        {
            "file_path": "start/train/rgba/0007.png",
            "time": 0.0,
            "transform_matrix": [
                [
                    0.9430804252624512,
                    0.08940128982067108,
                    -0.32032257318496704,
                    0.20001152157783508
                ],
                [
                    -0.006708672735840082,
                    0.9681074619293213,
                    0.250445157289505,
                    0.39715516567230225
                ],
                [
                    0.33249685168266296,
                    -0.2340410053730011,
                    0.9136030077934265,
                    1.7793526649475098
                ],
                [
                    0.0,
                    0.0,
                    0.0,
                    0.9999999403953552
                ]
            ]
        },
        {
            "file_path": "start/train/rgba/0008.png",
            "time": 0.0,
            "transform_matrix": [
                [
                    0.9430780410766602,
                    0.07217740267515182,
                    -0.3246442675590515,
                    0.1111626923084259
                ],
                [
                    0.0134314876049757,
                    0.967102587223053,
                    0.25403153896331787,
                    0.3978722095489502
                ],
                [
                    0.33229970932006836,
                    -0.24393205344676971,
                    0.9110839366912842,
                    1.7799031734466553
                ],
                [
                    0.0,
                    0.0,
                    0.0,
                    0.9999999403953552
                ]
            ]
        },
        {
            "file_path": "start/train/rgba/0009.png",
            "time": 0.0,
            "transform_matrix": [
                [
                    0.9224585294723511,
                    0.10557588934898376,
                    -0.37138089537620544,
                    -0.015586904250085354
                ],
                [
                    -0.0052247969433665276,
                    0.9652129411697388,
                    0.2614123821258545,
                    0.3908846080303192
                ],
                [
                    0.38606056571006775,
                    -0.23920172452926636,
                    0.8909205794334412,
                    1.719030737876892
                ],
                [
                    0.0,
                    0.0,
                    0.0,
                    1.0
                ]
            ]
        },
        {
            "file_path": "start/train/rgba/0010.png",
            "time": 0.0,
            "transform_matrix": [
                [
                    0.9008522629737854,
                    0.13291117548942566,
                    -0.4132790267467499,
                    -0.1198320984840393
                ],
                [
                    -0.014167135581374168,
                    0.9604739546775818,
                    0.2780088484287262,
                    0.3827105760574341
                ],
                [
                    0.43389421701431274,
                    -0.2445899248123169,
                    0.8671281933784485,
                    1.6952204704284668
                ],
                [
                    0.0,
                    0.0,
                    0.0,
                    0.9999999403953552
                ]
            ]
        },
        {
            "file_path": "start/train/rgba/0011.png",
            "time": 0.0,
            "transform_matrix": [
                [
                    0.8852115869522095,
                    0.12351066619157791,
                    -0.448492169380188,
                    -0.18937206268310547
                ],
                [
                    -0.0018869169289246202,
                    0.9650543332099915,
                    0.2620428502559662,
                    0.396767258644104
                ],
                [
                    0.46518442034721375,
                    -0.2311171442270279,
                    0.8545104265213013,
                    1.6940572261810303
                ],
                [
                    0.0,
                    0.0,
                    0.0,
                    0.9999999403953552
                ]
            ]
        },
        {
            "file_path": "start/train/rgba/0012.png",
            "time": 0.0,
            "transform_matrix": [
                [
                    0.8663442730903625,
                    0.14053992927074432,
                    -0.4792659878730774,
                    -0.22153961658477783
                ],
                [
                    -0.011342461220920086,
                    0.9648818969726562,
                    0.26243871450424194,
                    0.3935270309448242
                ],
                [
                    0.49931830167770386,
                    -0.2219262719154358,
                    0.8375140428543091,
                    1.7179028987884521
                ],
                [
                    0.0,
                    0.0,
                    0.0,
                    0.9999999403953552
                ]
            ]
        },
        {
            "file_path": "start/train/rgba/0013.png",
            "time": 0.0,
            "transform_matrix": [
                [
                    0.8597859740257263,
                    0.14215707778930664,
                    -0.4904683232307434,
                    -0.30860644578933716
                ],
                [
                    -0.009371963329613209,
                    0.9647012948989868,
                    0.2631795108318329,
                    0.39186859130859375
                ],
                [
                    0.5105683207511902,
                    -0.22168144583702087,
                    0.8307690620422363,
                    1.7392630577087402
                ],
                [
                    0.0,
                    0.0,
                    0.0,
                    0.9999999403953552
                ]
            ]
        },
        {
            "file_path": "start/train/rgba/0014.png",
            "time": 0.0,
            "transform_matrix": [
                [
                    0.8619874119758606,
                    0.13864707946777344,
                    -0.4876005947589874,
                    -0.4066588878631592
                ],
                [
                    -0.00795825570821762,
                    0.9654534459114075,
                    0.2604537308216095,
                    0.40518462657928467
                ],
                [
                    0.5068668723106384,
                    -0.22062739729881287,
                    0.8333122134208679,
                    1.7587072849273682
                ],
                [
                    0.0,
                    0.0,
                    0.0,
                    0.9999999403953552
                ]
            ]
        },
        {
            "file_path": "start/train/rgba/0015.png",
            "time": 0.0,
            "transform_matrix": [
                [
                    0.8430954813957214,
                    0.1567278653383255,
                    -0.5144182443618774,
                    -0.4786219000816345
                ],
                [
                    -0.016727464273571968,
                    0.9637681245803833,
                    0.2662161588668823,
                    0.4051622152328491
                ],
                [
                    0.5375034809112549,
                    -0.21584075689315796,
                    0.8151702880859375,
                    1.6973512172698975
                ],
                [
                    0.0,
                    0.0,
                    0.0,
                    0.9999999403953552
                ]
            ]
        },
        {
            "file_path": "start/train/rgba/0016.png",
            "time": 0.0,
            "transform_matrix": [
                [
                    0.8040185570716858,
                    0.1680440455675125,
                    -0.5703639388084412,
                    -0.5804204344749451
                ],
                [
                    -0.017612747848033905,
                    0.9655430912971497,
                    0.25964611768722534,
                    0.3933011293411255
                ],
                [
                    0.5943430066108704,
                    -0.19871465861797333,
                    0.7792744040489197,
                    1.613649606704712
                ],
                [
                    0.0,
                    0.0,
                    0.0,
                    0.9999999403953552
                ]
            ]
        },
        {
            "file_path": "start/train/rgba/0017.png",
            "time": 0.0,
            "transform_matrix": [
                [
                    0.7893348932266235,
                    0.17224359512329102,
                    -0.5893068313598633,
                    -0.6797137260437012
                ],
                [
                    -0.013502574525773525,
                    0.9644790291786194,
                    0.2638137638568878,
                    0.3940969407558441
                ],
                [
                    0.6138143539428711,
                    -0.20028023421764374,
                    0.7636226415634155,
                    1.5710644721984863
                ],
                [
                    0.0,
                    0.0,
                    0.0,
                    1.0
                ]
            ]
        },
        {
            "file_path": "start/train/rgba/0018.png",
            "time": 0.0,
            "transform_matrix": [
                [
                    0.7521103024482727,
                    0.16707025468349457,
                    -0.6375086903572083,
                    -0.7483420372009277
                ],
                [
                    -0.008313245140016079,
                    0.9696617126464844,
                    0.24430903792381287,
                    0.39041513204574585
                ],
                [
                    0.6589846014976501,
                    -0.17844761908054352,
                    0.7306815385818481,
                    1.5674816370010376
                ],
                [
                    0.0,
                    0.0,
                    0.0,
                    0.9999998807907104
                ]
            ]
        },
        {
            "file_path": "start/train/rgba/0019.png",
            "time": 0.0,
            "transform_matrix": [
                [
                    0.7360631227493286,
                    0.1686422973871231,
                    -0.6555689573287964,
                    -0.8687071204185486
                ],
                [
                    -0.005388527177274227,
                    0.969897985458374,
                    0.24345189332962036,
                    0.3956325054168701
                ],
                [
                    0.6768913269042969,
                    -0.17566342651844025,
                    0.7148148417472839,
                    1.5378062725067139
                ],
                [
                    0.0,
                    0.0,
                    0.0,
                    0.9999999403953552
                ]
            ]
        },
        {
            "file_path": "start/train/rgba/0020.png",
            "time": 0.0,
            "transform_matrix": [
                [
                    0.737167477607727,
                    0.16575554013252258,
                    -0.6550642848014832,
                    -0.9577375054359436
                ],
                [
                    0.007065745536237955,
                    0.9675018787384033,
                    0.25276514887809753,
                    0.405375599861145
                ],
                [
                    0.6756731271743774,
                    -0.19095876812934875,
                    0.7120397090911865,
                    1.4866454601287842
                ],
                [
                    0.0,
                    0.0,
                    0.0,
                    0.9999999403953552
                ]
            ]
        },
        {
            "file_path": "start/train/rgba/0021.png",
            "time": 0.0,
            "transform_matrix": [
                [
                    0.7098872661590576,
                    0.18207941949367523,
                    -0.680372416973114,
                    -1.018532395362854
                ],
                [
                    -0.005002530757337809,
                    0.9672849774360657,
                    0.25364258885383606,
                    0.39699047803878784
                ],
                [
                    0.7042973041534424,
                    -0.17665410041809082,
                    0.6875742673873901,
                    1.3495303392410278
                ],
                [
                    0.0,
                    0.0,
                    0.0,
                    0.9999998807907104
                ]
            ]
        },
        {
            "file_path": "start/train/rgba/0022.png",
            "time": 0.0,
            "transform_matrix": [
                [
                    0.6722267866134644,
                    0.20366787910461426,
                    -0.7117796540260315,
                    -1.0853972434997559
                ],
                [
                    -0.0105911148712039,
                    0.9639630913734436,
                    0.2658248245716095,
                    0.3902268409729004
                ],
                [
                    0.7402693629264832,
                    -0.17115606367588043,
                    0.6501590013504028,
                    1.2470791339874268
                ],
                [
                    0.0,
                    0.0,
                    0.0,
                    0.9999999403953552
                ]
            ]
        },
        {
            "file_path": "start/train/rgba/0023.png",
            "time": 0.0,
            "transform_matrix": [
                [
                    0.6425071358680725,
                    0.20436447858810425,
                    -0.7385252118110657,
                    -1.1349213123321533
                ],
                [
                    -0.006877041421830654,
                    0.9652793407440186,
                    0.26112887263298035,
                    0.39007043838500977
                ],
                [
                    0.7662486433982849,
                    -0.16269831359386444,
                    0.621604323387146,
                    1.1986823081970215
                ],
                [
                    0.0,
                    0.0,
                    0.0,
                    0.9999999403953552
                ]
            ]
        },
        {
            "file_path": "start/train/rgba/0024.png",
            "time": 0.0,
            "transform_matrix": [
                [
                    0.6415576934814453,
                    0.20828096568584442,
                    -0.7382563948631287,
                    -1.184208631515503
                ],
                [
                    -0.008024117909371853,
                    0.964200496673584,
                    0.26505246758461,
                    0.37824997305870056
                ],
                [
                    0.7670326828956604,
                    -0.16412262618541718,
                    0.6202616095542908,
                    1.172340750694275
                ],
                [
                    0.0,
                    0.0,
                    0.0,
                    1.0
                ]
            ]
        },
        {
            "file_path": "start/train/rgba/0025.png",
            "time": 0.0,
            "transform_matrix": [
                [
                    0.6243896484375,
                    0.21217557787895203,
                    -0.7517439126968384,
                    -1.2516160011291504
                ],
                [
                    -0.007190831936895847,
                    0.9639215469360352,
                    0.26608893275260925,
                    0.3827022314071655
                ],
                [
                    0.7810798287391663,
                    -0.1607375144958496,
                    0.6033883690834045,
                    1.13340163230896
                ],
                [
                    0.0,
                    0.0,
                    0.0,
                    0.9999999403953552
                ]
            ]
        },
        {
            "file_path": "start/train/rgba/0026.png",
            "time": 0.0,
            "transform_matrix": [
                [
                    0.6238982081413269,
                    0.1983841210603714,
                    -0.7559064626693726,
                    -1.3163197040557861
                ],
                [
                    -0.0018310148734599352,
                    0.9676123261451721,
                    0.2524340748786926,
                    0.3970485329627991
                ],
                [
                    0.781503438949585,
                    -0.15610910952091217,
                    0.604054868221283,
                    1.0795408487319946
                ],
                [
                    0.0,
                    0.0,
                    0.0,
                    0.9999998807907104
                ]
            ]
        },
        {
            "file_path": "start/train/rgba/0027.png",
            "time": 0.0,
            "transform_matrix": [
                [
                    0.6023330092430115,
                    0.2297489494085312,
                    -0.7644672989845276,
                    -1.3411872386932373
                ],
                [
                    -0.013828053139150143,
                    0.9605445861816406,
                    0.2777816951274872,
                    0.39033758640289307
                ],
                [
                    0.7981249690055847,
                    -0.1567460000514984,
                    0.5817447304725647,
                    0.9562107920646667
                ],
                [
                    0.0,
                    0.0,
                    0.0,
                    0.9999999403953552
                ]
            ]
        },
        {
            "file_path": "start/train/rgba/0028.png",
            "time": 0.0,
            "transform_matrix": [
                [
                    0.5616244077682495,
                    0.2341788411140442,
                    -0.7935603260993958,
                    -1.3766603469848633
                ],
                [
                    -0.001139894244261086,
                    0.959328293800354,
                    0.2822900414466858,
                    0.38928699493408203
                ],
                [
                    0.8273913860321045,
                    -0.15763641893863678,
                    0.5390491485595703,
                    0.8765872120857239
                ],
                [
                    0.0,
                    0.0,
                    0.0,
                    0.9999999403953552
                ]
            ]
        },
        {
            "file_path": "start/train/rgba/0029.png",
            "time": 0.0,
            "transform_matrix": [
                [
                    0.5505786538124084,
                    0.22276847064495087,
                    -0.8045104146003723,
                    -1.4017791748046875
                ],
                [
                    0.00725761940702796,
                    0.9624220132827759,
                    0.2714609205722809,
                    0.39074110984802246
                ],
                [
                    0.8347516059875488,
                    -0.15529942512512207,
                    0.528272271156311,
                    0.8532479405403137
                ],
                [
                    0.0,
                    0.0,
                    0.0,
                    0.9999999403953552
                ]
            ]
        },
        {
            "file_path": "start/train/rgba/0030.png",
            "time": 0.0,
            "transform_matrix": [
                [
                    0.5488504767417908,
                    0.2296135574579239,
                    -0.8037664294242859,
                    -1.4057363271713257
                ],
                [
                    0.010329507291316986,
                    0.9595983028411865,
                    0.28118380904197693,
                    0.38542062044143677
                ],
                [
                    0.835856556892395,
                    -0.1626303791999817,
                    0.524304211139679,
                    0.8316828608512878
                ],
                [
                    0.0,
                    0.0,
                    0.0,
                    0.9999998807907104
                ]
            ]
        },
        {
            "file_path": "start/train/rgba/0031.png",
            "time": 0.0,
            "transform_matrix": [
                [
                    0.5477151274681091,
                    0.2458101511001587,
                    -0.7997407913208008,
                    -1.4190254211425781
                ],
                [
                    0.005170635879039764,
                    0.9548548460006714,
                    0.2970275282859802,
                    0.37713274359703064
                ],
                [
                    0.8366488814353943,
                    -0.1668216437101364,
                    0.5217174291610718,
                    0.808499813079834
                ],
                [
                    0.0,
                    0.0,
                    0.0,
                    1.0
                ]
            ]
        },
        {
            "file_path": "start/train/rgba/0032.png",
            "time": 0.0,
            "transform_matrix": [
                [
                    0.5477561354637146,
                    0.2292390614748001,
                    -0.8046194314956665,
                    -1.442397952079773
                ],
                [
                    0.007986723445355892,
                    0.9602529406547546,
                    0.2790166437625885,
                    0.3831784129142761
                ],
                [
                    0.8365997672080994,
                    -0.1592593640089035,
                    0.524153470993042,
                    0.8190060257911682
                ],
                [
                    0.0,
                    0.0,
                    0.0,
                    0.9999998807907104
                ]
            ]
        },
        {
            "file_path": "start/train/rgba/0033.png",
            "time": 0.0,
            "transform_matrix": [
                [
                    0.5470065474510193,
                    0.24024991691112518,
                    -0.8019125461578369,
                    -1.4938287734985352
                ],
                [
                    0.005345135927200317,
                    0.9569106698036194,
                    0.2903328239917755,
                    0.3796743154525757
                ],
                [
                    0.837111234664917,
                    -0.1631002575159073,
                    0.5221521854400635,
                    0.8264603018760681
                ],
                [
                    0.0,
                    0.0,
                    0.0,
                    0.9999999403953552
                ]
            ]
        },
        {
            "file_path": "start/train/rgba/0034.png",
            "time": 0.0,
            "transform_matrix": [
                [
                    0.5316900014877319,
                    0.23096191883087158,
                    -0.8148386478424072,
                    -1.5464301109313965
                ],
                [
                    -0.004374656826257706,
                    0.9628345370292664,
                    0.2700561285018921,
                    0.39263761043548584
                ],
                [
                    0.8469275832176208,
                    -0.14002151787281036,
                    0.5129399299621582,
                    0.7741755843162537
                ],
                [
                    0.0,
                    0.0,
                    0.0,
                    0.9999999403953552
                ]
            ]
        },
        {
            "file_path": "start/train/rgba/0035.png",
            "time": 0.0,
            "transform_matrix": [
                [
                    0.4481261968612671,
                    0.24151092767715454,
                    -0.8607293367385864,
                    -1.565075397491455
                ],
                [
                    -0.022433236241340637,
                    0.9655513763427734,
                    0.2592432200908661,
                    0.39846742153167725
                ],
                [
                    0.8936887383460999,
                    -0.0968647301197052,
                    0.4381067454814911,
                    0.6287631392478943
                ],
                [
                    0.0,
                    0.0,
                    0.0,
                    0.9999999403953552
                ]
            ]
        },
        {
            "file_path": "start/train/rgba/0036.png",
            "time": 0.0,
            "transform_matrix": [
                [
                    0.42071789503097534,
                    0.2474774420261383,
                    -0.8727835416793823,
                    -1.5928338766098022
                ],
                [
                    -0.011320763267576694,
                    0.96342933177948,
                    0.2677229344844818,
                    0.40068596601486206
                ],
                [
                    0.9071207046508789,
                    -0.10275524854660034,
                    0.4081335663795471,
                    0.5765533447265625
                ],
                [
                    0.0,
                    0.0,
                    0.0,
                    0.9999998807907104
                ]
            ]
        },
        {
            "file_path": "start/train/rgba/0037.png",
            "time": 0.0,
            "transform_matrix": [
                [
                    0.41883301734924316,
                    0.2601777911186218,
                    -0.8699920177459717,
                    -1.5979335308074951
                ],
                [
                    -0.0004466125392355025,
                    0.958133339881897,
                    0.28632208704948425,
                    0.3941885232925415
                ],
                [
                    0.9080631136894226,
                    -0.11953261494636536,
                    0.40141409635543823,
                    0.5793814063072205
                ],
                [
                    0.0,
                    0.0,
                    0.0,
                    0.9999999403953552
                ]
            ]
        },
        {
            "file_path": "start/train/rgba/0038.png",
            "time": 0.0,
            "transform_matrix": [
                [
                    0.38115838170051575,
                    0.26908227801322937,
                    -0.8844844698905945,
                    -1.5843755006790161
                ],
                [
                    -0.007746766787022352,
                    0.9576024413108826,
                    0.28798824548721313,
                    0.39383000135421753
                ],
                [
                    0.9244771599769592,
                    -0.10291722416877747,
                    0.3670826554298401,
                    0.502945601940155
                ],
                [
                    0.0,
                    0.0,
                    0.0,
                    0.9999998807907104
                ]
            ]
        },
        {
            "file_path": "start/train/rgba/0039.png",
            "time": 0.0,
            "transform_matrix": [
                [
                    0.33959829807281494,
                    0.2691255509853363,
                    -0.9012458920478821,
                    -1.5830613374710083
                ],
                [
                    -0.01641518995165825,
                    0.9597405791282654,
                    0.28040748834609985,
                    0.3953637480735779
                ],
                [
                    0.9404271841049194,
                    -0.08043179661035538,
                    0.3303440511226654,
                    0.4451792538166046
                ],
                [
                    0.0,
                    0.0,
                    0.0,
                    0.9999998807907104
                ]
            ]
        },
        {
            "file_path": "start/train/rgba/0040.png",
            "time": 0.0,
            "transform_matrix": [
                [
                    0.31988656520843506,
                    0.2696906328201294,
                    -0.9082616567611694,
                    -1.5889313220977783
                ],
                [
                    -0.021683188155293465,
                    0.9604650735855103,
                    0.27755463123321533,
                    0.42798733711242676
                ],
                [
                    0.9472075700759888,
                    -0.06909199804067612,
                    0.31308767199516296,
                    0.3942251205444336
                ],
                [
                    0.0,
                    0.0,
                    0.0,
                    0.9999999403953552
                ]
            ]
        },
        {
            "file_path": "start/train/rgba/0041.png",
            "time": 0.0,
            "transform_matrix": [
                [
                    0.29724255204200745,
                    0.27615776658058167,
                    -0.9139931201934814,
                    -1.5864675045013428
                ],
                [
                    -0.02736256830394268,
                    0.9593300223350525,
                    0.2809574007987976,
                    0.4823734760284424
                ],
                [
                    0.9544097185134888,
                    -0.05850331112742424,
                    0.2927101254463196,
                    0.38050585985183716
                ],
                [
                    0.0,
                    0.0,
                    0.0,
                    0.9999999403953552
                ]
            ]
        },
        {
            "file_path": "start/train/rgba/0042.png",
            "time": 0.0,
            "transform_matrix": [
                [
                    0.3016952872276306,
                    0.2931196391582489,
                    -0.9072268009185791,
                    -1.5879560708999634
                ],
                [
                    -0.013895872049033642,
                    0.9528164267539978,
                    0.30322831869125366,
                    0.527193009853363
                ],
                [
                    0.9533029198646545,
                    -0.07887586206197739,
                    0.2915334403514862,
                    0.3837185204029083
                ],
                [
                    0.0,
                    0.0,
                    0.0,
                    0.9999998807907104
                ]
            ]
        },
        {
            "file_path": "start/train/rgba/0043.png",
            "time": 0.0,
            "transform_matrix": [
                [
                    0.32771825790405273,
                    0.2953660786151886,
                    -0.8974180817604065,
                    -1.5857921838760376
                ],
                [
                    -0.024667546153068542,
                    0.9522258043289185,
                    0.30439677834510803,
                    0.5724499821662903
                ],
                [
                    0.9444532990455627,
                    -0.0776192843914032,
                    0.3193477392196655,
                    0.40172669291496277
                ],
                [
                    0.0,
                    0.0,
                    0.0,
                    0.9999998807907104
                ]
            ]
        },
        {
            "file_path": "start/train/rgba/0044.png",
            "time": 0.0,
            "transform_matrix": [
                [
                    0.31844809651374817,
                    0.2945428788661957,
                    -0.9010189175605774,
                    -1.5841299295425415
                ],
                [
                    -0.009839517995715141,
                    0.9514776468276978,
                    0.30756017565727234,
                    0.6007147431373596
                ],
                [
                    0.9478891491889954,
                    -0.08907638490200043,
