{
    "camera_angle_x": 1.0830044198612696,
    "camera_angle_y": 0.8475450664908479,
    "frames": [
        {
            "file_path": "end/train/rgba/0000.png",
            "time": 1.0,
            "transform_matrix": [
                [
                    0.6007724404335022,
                    0.5737379193305969,
                    -0.5566840767860413,
                    -1.664006233215332
                ],
                [
                    -0.11407192796468735,
                    0.7507590651512146,
                    0.6506521701812744,
                    0.8928942680358887
                ],
                [
                    0.7912395000457764,
                    -0.32739192247390747,
                    0.5164827704429626,
                    0.46417003870010376
                ],
                [
                    0.0,
                    0.0,
                    0.0,
                    0.9999999403953552
                ]
            ]
        },
        {
            "file_path": "end/train/rgba/0001.png",
            "time": 1.0,
            "transform_matrix": [
                [
                    0.597615659236908,
                    0.5718702077865601,
                    -0.5619785189628601,
                    -1.665541648864746
                ],
                [
                    -0.1142832487821579,
                    0.7545105814933777,
                    0.6462607979774475,
                    0.8970105648040771
                ],
                [
                    0.7935960292816162,
                    -0.32199081778526306,
                    0.5162626504898071,
                    0.46477803587913513
                ],
                [
                    0.0,
                    0.0,
                    0.0,
                    0.9999998807907104
                ]
            ]
        },
        {
            "file_path": "end/train/rgba/0002.png",
            "time": 1.0,
            "transform_matrix": [
                [
                    0.5984829664230347,
                    0.5766620635986328,
                    -0.5561285018920898,
                    -1.6653894186019897
                ],
                [
                    -0.11649131774902344,
                    0.7494379281997681,
                    0.6517456769943237,
                    0.8963878154754639
                ],
                [
                    0.7926207780838013,
                    -0.3252745568752289,
                    0.515701949596405,
                    0.46481823921203613
                ],
                [
                    0.0,
                    0.0,
                    0.0,
                    0.9999999403953552
                ]
            ]
        },
        {
            "file_path": "end/train/rgba/0003.png",
            "time": 1.0,
            "transform_matrix": [
                [
                    0.6045517325401306,
                    0.5690569281578064,
                    -0.5573967695236206,
                    -1.657340168952942
                ],
                [
                    -0.10447119921445847,
                    0.7503480911254883,
                    0.6527352929115295,
                    0.8922539353370667
                ],
                [
                    0.7896851897239685,
                    -0.33638039231300354,
                    0.5130743384361267,
                    0.46657583117485046
                ],
                [
                    0.0,
                    0.0,
                    0.0,
                    0.9999998211860657
                ]
            ]
        },
        {
            "file_path": "end/train/rgba/0004.png",
            "time": 1.0,
            "transform_matrix": [
                [
                    0.6314241290092468,
                    0.554035484790802,
                    -0.5425385236740112,
                    -1.6442574262619019
                ],
                [
                    -0.09031084924936295,
                    0.7474352121353149,
                    0.6581674218177795,
                    0.8867579698562622
                ],
                [
                    0.7701605558395386,
                    -0.36658579111099243,
                    0.5219841003417969,
                    0.480517715215683
                ],
                [
                    0.0,
                    0.0,
                    0.0,
                    0.9999998807907104
                ]
            ]
        },
        {
            "file_path": "end/train/rgba/0005.png",
            "time": 1.0,
            "transform_matrix": [
                [
                    0.6667355895042419,
                    0.5218325257301331,
                    -0.5321224331855774,
                    -1.6189252138137817
                ],
                [
                    -0.0696280226111412,
                    0.7544663548469543,
                    0.652634859085083,
                    0.8864610195159912
                ],
                [
                    0.7420345544815063,
                    -0.39808428287506104,
                    0.5393638014793396,
                    0.49457016587257385
                ],
                [
                    0.0,
                    0.0,
                    0.0,
                    0.9999998807907104
                ]
            ]
        },
        {
            "file_path": "end/train/rgba/0006.png",
            "time": 1.0,
            "transform_matrix": [
                [
                    0.7220210433006287,
                    0.4964040517807007,
                    -0.4819423258304596,
                    -1.5459719896316528
                ],
                [
                    -0.06308966875076294,
                    0.7409144043922424,
                    0.6686294674873352,
                    0.8812156915664673
                ],
                [
                    0.6889883875846863,
                    -0.45235905051231384,
                    0.5662738084793091,
                    0.5244670510292053
                ],
                [
                    0.0,
                    0.0,
                    0.0,
                    0.9999999403953552
                ]
            ]
        },
        {
            "file_path": "end/train/rgba/0007.png",
            "time": 1.0,
            "transform_matrix": [
                [
                    0.7808741331100464,
                    0.43968451023101807,
                    -0.4437487721443176,
                    -1.4759434461593628
                ],
                [
                    -0.034405436366796494,
                    0.7395448684692383,
                    0.6722273826599121,
                    0.8682321906089783
                ],
                [
                    0.623740017414093,
                    -0.5096576809883118,
                    0.5926190614700317,
                    0.5651164650917053
                ],
                [
                    0.0,
                    0.0,
                    0.0,
                    1.0
                ]
            ]
        },
        {
            "file_path": "end/train/rgba/0008.png",
            "time": 1.0,
            "transform_matrix": [
                [
                    0.8385671377182007,
                    0.36732909083366394,
                    -0.4023360013961792,
                    -1.429644227027893
                ],
                [
                    -0.00825459510087967,
                    0.7469868063926697,
                    0.6647874712944031,
                    0.8631039261817932
                ],
                [
                    0.5447354316711426,
                    -0.5541478991508484,
                    0.6294308304786682,
                    0.6223324537277222
                ],
                [
                    0.0,
                    0.0,
                    0.0,
                    1.0
                ]
            ]
        },
        {
            "file_path": "end/train/rgba/0009.png",
            "time": 1.0,
            "transform_matrix": [
                [
                    0.8497596383094788,
                    0.3449246287345886,
                    -0.39866676926612854,
                    -1.366335391998291
                ],
                [
                    0.008793487213551998,
                    0.7468599081039429,
                    0.6649230718612671,
                    0.8505279421806335
                ],
                [
                    0.527096688747406,
                    -0.5685304999351501,
                    0.631618320941925,
                    0.6828004717826843
                ],
                [
                    0.0,
                    0.0,
                    0.0,
                    0.9999998211860657
                ]
            ]
        },
        {
            "file_path": "end/train/rgba/0010.png",
            "time": 1.0,
            "transform_matrix": [
                [
                    0.8641199469566345,
                    0.31163036823272705,
                    -0.3951999247074127,
                    -1.2859280109405518
                ],
                [
                    0.031003853306174278,
                    0.7507873773574829,
                    0.6598159074783325,
                    0.8391526937484741
                ],
                [
                    0.5023297071456909,
                    -0.5824128985404968,
                    0.6391086578369141,
                    0.732117235660553
                ],
                [
                    0.0,
                    0.0,
                    0.0,
                    0.9999999403953552
                ]
            ]
        },
        {
            "file_path": "end/train/rgba/0011.png",
            "time": 1.0,
            "transform_matrix": [
                [
                    0.8926038146018982,
                    0.26157864928245544,
                    -0.36719873547554016,
                    -1.2500118017196655
                ],
                [
                    0.04626542329788208,
                    0.7570277452468872,
                    0.6517425179481506,
                    0.8372596502304077
                ],
                [
                    0.4484615921974182,
                    -0.5987364649772644,
                    0.6636238694190979,
                    0.7611633539199829
                ],
                [
                    0.0,
                    0.0,
                    0.0,
                    0.9999998807907104
                ]
            ]
        },
        {
            "file_path": "end/train/rgba/0012.png",
            "time": 1.0,
            "transform_matrix": [
                [
                    0.8918962478637695,
                    0.255360871553421,
                    -0.37324458360671997,
                    -1.2267543077468872
                ],
                [
                    0.05013231933116913,
                    0.7644103169441223,
                    0.6427777409553528,
                    0.823501467704773
                ],
                [
                    0.44945240020751953,
                    -0.5920027494430542,
                    0.6689729690551758,
                    0.7905033826828003
                ],
                [
                    0.0,
                    0.0,
                    0.0,
                    0.9999999403953552
                ]
            ]
        },
        {
            "file_path": "end/train/rgba/0013.png",
            "time": 1.0,
            "transform_matrix": [
                [
                    0.9329327940940857,
                    0.1904488205909729,
                    -0.3055577278137207,
                    -1.1264699697494507
                ],
                [
                    0.054840341210365295,
                    0.7635881304740906,
                    0.6433704495429993,
                    0.7799251079559326
                ],
                [
                    0.35584938526153564,
                    -0.6169783473014832,
                    0.7019321918487549,
                    0.8490516543388367
                ],
                [
                    0.0,
                    0.0,
                    0.0,
                    0.9999999403953552
                ]
            ]
        },
        {
            "file_path": "end/train/rgba/0014.png",
            "time": 1.0,
            "transform_matrix": [
                [
                    0.959389328956604,
                    0.15453483164310455,
                    -0.23598948121070862,
                    -1.0189388990402222
                ],
                [
                    0.038590576499700546,
                    0.7568216323852539,
                    0.6524810791015625,
                    0.7482531070709229
                ],
                [
                    0.2794329822063446,
                    -0.6350904107093811,
                    0.7201229929924011,
                    0.9016566872596741
                ],
                [
                    0.0,
                    0.0,
                    0.0,
                    0.9999999403953552
                ]
            ]
        },
        {
            "file_path": "end/train/rgba/0015.png",
            "time": 1.0,
            "transform_matrix": [
                [
                    0.9603561162948608,
                    0.16435940563678741,
                    -0.22517076134681702,
                    -0.9714252948760986
                ],
                [
                    0.029495542868971825,
                    0.7432730197906494,
                    0.6683377027511597,
                    0.7715327739715576
                ],
                [
                    0.27721089124679565,
                    -0.6484838128089905,
                    0.7089589238166809,
                    0.9121207594871521
                ],
                [
                    0.0,
                    0.0,
                    0.0,
                    0.9999999403953552
                ]
            ]
        },
        {
            "file_path": "end/train/rgba/0016.png",
            "time": 1.0,
            "transform_matrix": [
                [
                    0.9604453444480896,
                    0.16965188086032867,
                    -0.22082285583019257,
                    -0.9403721690177917
                ],
                [
                    0.021903445944190025,
                    0.7445095777511597,
                    0.6672521829605103,
                    0.7799541354179382
                ],
                [
                    0.2776053249835968,
                    -0.6456960439682007,
                    0.7113448977470398,
                    0.9007591009140015
                ],
                [
                    0.0,
                    0.0,
                    0.0,
                    0.9999998211860657
                ]
            ]
        },
        {
            "file_path": "end/train/rgba/0017.png",
            "time": 1.0,
            "transform_matrix": [
                [
                    0.9879871606826782,
                    0.07891619205474854,
                    -0.1328662782907486,
                    -0.8035616278648376
                ],
                [
                    0.031016016378998756,
                    0.7410212755203247,
                    0.6707647442817688,
                    0.7805575132369995
                ],
                [
                    0.1513908952474594,
                    -0.6668279767036438,
                    0.7296718955039978,
                    0.9256392121315002
                ],
                [
                    0.0,
                    0.0,
                    0.0,
                    0.9999999403953552
                ]
            ]
        },
        {
            "file_path": "end/train/rgba/0018.png",
            "time": 1.0,
            "transform_matrix": [
                [
                    0.9953731298446655,
                    0.05407050624489784,
                    -0.07942622900009155,
                    -0.6829749941825867
                ],
                [
                    0.014849136583507061,
                    0.7301362156867981,
                    0.6831401586532593,
                    0.7833973169326782
                ],
                [
                    0.09492967277765274,
                    -0.6811588406562805,
                    0.725955069065094,
                    0.9469220042228699
                ],
                [
                    0.0,
                    0.0,
                    0.0,
                    0.9999999403953552
                ]
            ]
        },
        {
            "file_path": "end/train/rgba/0019.png",
            "time": 1.0,
            "transform_matrix": [
                [
                    0.9952272772789001,
                    0.06764547526836395,
                    -0.07033175230026245,
                    -0.6838744282722473
                ],
                [
                    -0.003189909039065242,
                    0.7429038882255554,
                    0.6693904399871826,
                    0.7916052937507629
                ],
                [
                    0.09753096848726273,
                    -0.6659712791442871,
                    0.7395740151405334,
                    0.9453790783882141
                ],
                [
                    0.0,
                    0.0,
                    0.0,
                    1.0
                ]
            ]
        },
        {
            "file_path": "end/train/rgba/0020.png",
            "time": 1.0,
            "transform_matrix": [
                [
                    0.9981197714805603,
                    0.047362685203552246,
                    -0.038904961198568344,
                    -0.6642736792564392
                ],
                [
                    -0.009734845720231533,
                    0.7491791248321533,
                    0.6622956991195679,
                    0.776579737663269
                ],
                [
                    0.060514915734529495,
                    -0.6606717705726624,
                    0.7482315897941589,
                    0.9552026391029358
                ],
                [
                    0.0,
                    0.0,
                    0.0,
                    0.9999999403953552
                ]
            ]
        },
        {
            "file_path": "end/train/rgba/0021.png",
            "time": 1.0,
            "transform_matrix": [
                [
                    0.9991421103477478,
                    -0.015975937247276306,
                    0.03820647671818733,
                    -0.5539452433586121
                ],
                [
                    -0.013167752884328365,
                    0.7521496415138245,
                    0.6588606834411621,
                    0.7544947862625122
                ],
                [
                    -0.03926294669508934,
                    -0.6587985157966614,
                    0.7512940764427185,
                    0.9831190705299377
                ],
                [
                    0.0,
                    0.0,
                    0.0,
                    0.9999999403953552
                ]
            ]
        },
        {
            "file_path": "end/train/rgba/0022.png",
            "time": 1.0,
            "transform_matrix": [
                [
                    0.9926470518112183,
                    -0.049223221838474274,
                    0.1105838194489479,
                    -0.44908830523490906
                ],
                [
                    -0.03365445137023926,
                    0.7653276324272156,
                    0.6427604556083679,
                    0.7465268969535828
                ],
                [
                    -0.11627165228128433,
                    -0.6417558789253235,
                    0.758043646812439,
                    0.9910786747932434
                ],
                [
                    0.0,
                    0.0,
                    0.0,
                    1.0
                ]
            ]
        },
        {
            "file_path": "end/train/rgba/0023.png",
            "time": 1.0,
            "transform_matrix": [
                [
                    0.9922378063201904,
                    -0.06539300829172134,
                    0.10577219724655151,
                    -0.40056759119033813
                ],
                [
                    -0.02184711955487728,
                    0.7456731796264648,
                    0.665953516960144,
                    0.773763120174408
                ],
                [
                    -0.12242023646831512,
                    -0.6630951166152954,
                    0.7384564876556396,
                    0.9730808734893799
                ],
                [
                    0.0,
                    0.0,
                    0.0,
                    0.9999998211860657
                ]
            ]
        },
        {
            "file_path": "end/train/rgba/0024.png",
            "time": 1.0,
            "transform_matrix": [
                [
                    0.9946365356445312,
                    -0.05706443637609482,
                    0.08626474440097809,
                    -0.40494057536125183
                ],
                [
                    -0.012891435995697975,
                    0.7591328620910645,
                    0.6508078575134277,
                    0.7596226930618286
                ],
                [
                    -0.10262442380189896,
                    -0.6484294533729553,
                    0.7543256282806396,
                    0.9380243420600891
                ],
                [
                    0.0,
                    0.0,
                    0.0,
                    0.9999998807907104
                ]
            ]
        },
        {
            "file_path": "end/train/rgba/0025.png",
            "time": 1.0,
            "transform_matrix": [
                [
                    0.972131609916687,
                    -0.14549458026885986,
                    0.1838238686323166,
                    -0.31232744455337524
                ],
                [
                    -0.011883847415447235,
                    0.7525222897529602,
                    0.6584594249725342,
                    0.7514415979385376
                ],
                [
                    -0.23413397371768951,
                    -0.6422938108444214,
                    0.7298218011856079,
                    0.9280604720115662
                ],
                [
                    0.0,
                    0.0,
                    0.0,
                    0.9999999403953552
                ]
            ]
        },
        {
            "file_path": "end/train/rgba/0026.png",
            "time": 1.0,
            "transform_matrix": [
                [
                    0.9401392340660095,
                    -0.21847404539585114,
                    0.26154738664627075,
                    -0.20325618982315063
                ],
                [
                    -0.008760407567024231,
                    0.7517264485359192,
                    0.659416675567627,
                    0.7478164434432983
                ],
                [
                    -0.3406775891780853,
                    -0.6222348213195801,
                    0.7048137187957764,
                    0.9164339900016785
                ],
                [
                    0.0,
                    0.0,
                    0.0,
                    0.9999999403953552
                ]
            ]
        },
        {
            "file_path": "end/train/rgba/0027.png",
            "time": 1.0,
            "transform_matrix": [
                [
                    0.9076554775238037,
                    -0.27133193612098694,
                    0.3202193081378937,
                    -0.13078999519348145
                ],
                [
                    -0.01955055259168148,
                    0.7347829341888428,
                    0.6780204176902771,
                    0.7565335035324097
                ],
                [
                    -0.4192603826522827,
                    -0.6216694712638855,
                    0.6616250872612,
                    0.9066519141197205
                ],
                [
                    0.0,
                    0.0,
                    0.0,
                    0.9999999403953552
                ]
            ]
        },
        {
            "file_path": "end/train/rgba/0028.png",
            "time": 1.0,
            "transform_matrix": [
                [
                    0.9110634922981262,
                    -0.2560531497001648,
                    0.3231097161769867,
                    -0.11125408113002777
                ],
                [
                    -0.021405411884188652,
                    0.7533042430877686,
                    0.6573235988616943,
                    0.7786372900009155
                ],
                [
                    -0.4117097854614258,
                    -0.6057798862457275,
                    0.6808271408081055,
                    0.915286123752594
                ],
                [
                    0.0,
                    0.0,
                    0.0,
                    0.9999999403953552
                ]
            ]
        },
        {
            "file_path": "end/train/rgba/0029.png",
            "time": 1.0,
            "transform_matrix": [
                [
                    0.8873193860054016,
                    -0.29514896869659424,
                    0.35433176159858704,
                    -0.05173918604850769
                ],
                [
                    -0.016600755974650383,
                    0.7474156618118286,
                    0.6641490459442139,
                    0.7778833508491516
                ],
                [
                    -0.46085622906684875,
                    -0.5951946377754211,
                    0.6582968831062317,
                    0.9138741493225098
                ],
                [
                    0.0,
                    0.0,
                    0.0,
                    0.9999998211860657
                ]
            ]
        },
        {
            "file_path": "end/train/rgba/0030.png",
            "time": 1.0,
            "transform_matrix": [
                [
                    0.8418115377426147,
                    -0.34753283858299255,
                    0.4130062758922577,
                    0.04656723141670227
                ],
                [
                    -0.007156969979405403,
                    0.7578964829444885,
                    0.652335524559021,
                    0.7770856618881226
                ],
                [
                    -0.5397240519523621,
                    -0.5520994663238525,
                    0.6355186700820923,
                    0.8893497586250305
                ],
                [
                    0.0,
                    0.0,
                    0.0,
                    0.9999999403953552
                ]
            ]
        },
        {
            "file_path": "end/train/rgba/0031.png",
            "time": 1.0,
            "transform_matrix": [
                [
                    0.823406994342804,
                    -0.35271352529525757,
                    0.444515198469162,
                    0.10244965553283691
                ],
                [
                    -0.029784400016069412,
                    0.7554106116294861,
                    0.6545743346214294,
                    0.7792468070983887
                ],
                [
                    -0.5666688084602356,
                    -0.5522207021713257,
                    0.6115050911903381,
                    0.8577783703804016
                ],
                [
                    0.0,
                    0.0,
                    0.0,
                    0.9999999403953552
                ]
            ]
        },
        {
            "file_path": "end/train/rgba/0032.png",
            "time": 1.0,
            "transform_matrix": [
                [
                    0.8131980299949646,
                    -0.37924501299858093,
                    0.4414544403553009,
                    0.13234010338783264
                ],
                [
                    -0.006491503678262234,
                    0.7525720000267029,
                    0.6584779024124146,
                    0.7817016839981079
                ],
                [
                    -0.581950843334198,
                    -0.5383386015892029,
                    0.6095281839370728,
                    0.8427061438560486
                ],
                [
                    0.0,
                    0.0,
                    0.0,
                    0.9999999403953552
                ]
            ]
        },
        {
            "file_path": "end/train/rgba/0033.png",
            "time": 1.0,
            "transform_matrix": [
                [
                    0.7987579107284546,
                    -0.39959993958473206,
                    0.4497838318347931,
                    0.1557755470275879
                ],
                [
                    0.0017973597859963775,
                    0.7491623759269714,
                    0.6623838543891907,
                    0.7800496816635132
                ],
                [
                    -0.6016497611999512,
                    -0.5282759070396423,
                    0.599117636680603,
                    0.8338963389396667
                ],
                [
                    0.0,
                    0.0,
                    0.0,
                    0.9999999403953552
                ]
            ]
        },
        {
            "file_path": "end/train/rgba/0034.png",
            "time": 1.0,
            "transform_matrix": [
                [
                    0.7894948720932007,
                    -0.40952226519584656,
                    0.4571530222892761,
                    0.1826724410057068
                ],
                [
                    0.007211643736809492,
                    0.7509821057319641,
                    0.6602829694747925,
                    0.7838761806488037
                ],
                [
                    -0.6137145161628723,
                    -0.5179932713508606,
                    0.5958500504493713,
                    0.8060168623924255
                ],
                [
                    0.0,
                    0.0,
                    0.0,
                    0.9999999403953552
                ]
            ]
        },
        {
            "file_path": "end/train/rgba/0035.png",
            "time": 1.0,
            "transform_matrix": [
                [
                    0.783274233341217,
                    -0.40703096985816956,
                    0.46990111470222473,
                    0.21972814202308655
                ],
                [
                    -0.006741843651980162,
                    0.7502555251121521,
                    0.6611135005950928,
                    0.7858141660690308
                ],
                [
                    -0.6216396689414978,
                    -0.5210011601448059,
                    0.5849117040634155,
                    0.7653868794441223
                ],
                [
                    0.0,
                    0.0,
                    0.0,
                    0.9999999403953552
                ]
            ]
        },
        {
            "file_path": "end/train/rgba/0036.png",
            "time": 1.0,
            "transform_matrix": [
                [
                    0.7907822728157043,
                    -0.3958340585231781,
                    0.46688181161880493,
                    0.23288679122924805
                ],
                [
                    -0.014406424015760422,
                    0.7505099773406982,
                    0.6607019901275635,
                    0.7861831188201904
                ],
                [
                    -0.6119278073310852,
                    -0.5291975736618042,
                    0.5877875089645386,
                    0.7464568614959717
                ],
                [
                    0.0,
                    0.0,
                    0.0,
                    0.9999999403953552
                ]
            ]
        },
        {
            "file_path": "end/train/rgba/0037.png",
            "time": 1.0,
            "transform_matrix": [
                [
                    0.8185031414031982,
                    -0.3704493045806885,
                    0.43911251425743103,
                    0.2286374270915985
                ],
                [
                    -0.01591178961098194,
                    0.7494248151779175,
                    0.661898136138916,
                    0.7741538286209106
                ],
                [
                    -0.5742815732955933,
                    -0.5487527251243591,
                    0.6075121164321899,
                    0.7421514391899109
                ],
                [
                    0.0,
                    0.0,
                    0.0,
                    0.9999999403953552
                ]
            ]
        },
        {
            "file_path": "end/train/rgba/0038.png",
            "time": 1.0,
            "transform_matrix": [
                [
                    0.8726921677589417,
                    -0.3094807267189026,
                    0.37766385078430176,
                    0.15403532981872559
                ],
                [
                    -0.01781410723924637,
                    0.7527765035629272,
                    0.6580350399017334,
                    0.7532894611358643
                ],
                [
                    -0.48794570565223694,
                    -0.5809897780418396,
                    0.6514289975166321,
                    0.7925873398780823
                ],
                [
                    0.0,
                    0.0,
                    0.0,
                    0.9999999403953552
                ]
            ]
        },
        {
            "file_path": "end/train/rgba/0039.png",
            "time": 1.0,
            "transform_matrix": [
                [
                    0.9191443920135498,
                    -0.23408055305480957,
                    0.316827654838562,
                    0.02873438596725464
                ],
                [
                    -0.022845739498734474,
                    0.7712627053260803,
                    0.6361066699028015,
                    0.7339102029800415
                ],
                [
                    -0.3932575583457947,
                    -0.5919120907783508,
                    0.7035541534423828,
                    0.8681314587593079
                ],
                [
                    0.0,
                    0.0,
                    0.0,
                    0.9999999403953552
                ]
            ]
        },
        {
            "file_path": "end/train/rgba/0040.png",
            "time": 1.0,
            "transform_matrix": [
                [
                    0.9563546180725098,
                    -0.1570775806903839,
                    0.246398463845253,
                    -0.05982208251953125
                ],
                [
                    -0.034984465688467026,
                    0.7756147384643555,
                    0.6302362084388733,
                    0.6890627145767212
                ],
                [
                    -0.29010626673698425,
                    -0.6113495230674744,
                    0.7362675666809082,
                    0.9249150156974792
                ],
                [
                    0.0,
                    0.0,
                    0.0,
                    0.9999998807907104
                ]
            ]
        },
        {
            "file_path": "end/train/rgba/0041.png",
            "time": 1.0,
            "transform_matrix": [
                [
                    0.9736306667327881,
                    -0.10971823334693909,
                    0.20001274347305298,
                    -0.14999514818191528
                ],
                [
                    -0.04204089939594269,
                    0.7754395008087158,
                    0.6300206780433655,
                    0.650986909866333
                ],
                [
                    -0.2242225706577301,
                    -0.6218162178993225,
                    0.7503790259361267,
                    0.9487226605415344
                ],
                [
                    0.0,
                    0.0,
                    0.0,
                    0.9999999403953552
                ]
            ]
        },
        {
            "file_path": "end/train/rgba/0042.png",
            "time": 1.0,
            "transform_matrix": [
                [
                    0.9674639701843262,
                    -0.11511299759149551,
                    0.22530484199523926,
                    -0.1725502908229828
                ],
                [
                    -0.05190691724419594,
                    0.7812554240226746,
                    0.6220494508743286,
                    0.6269752383232117
                ],
                [
                    -0.24762661755084991,
                    -0.6135054230690002,
                    0.7498613595962524,
                    0.9340526461601257
                ],
                [
                    0.0,
                    0.0,
                    0.0,
                    1.0
                ]
            ]
        },
        {
            "file_path": "end/train/rgba/0043.png",
            "time": 1.0,
            "transform_matrix": [
                [
                    0.9753499627113342,
                    -0.12193585187196732,
                    0.18391285836696625,
                    -0.2261608988046646
                ],
                [
                    -0.021157747134566307,
                    0.777937114238739,
                    0.6279857158660889,
                    0.5916005373001099
                ],
                [
                    -0.219646617770195,
                    -0.6163970232009888,
                    0.7561811208724976,
                    0.9443842768669128
                ],
                [
                    0.0,
                    0.0,
                    0.0,
                    0.9999999403953552
                ]
            ]
        },
        {
            "file_path": "end/train/rgba/0044.png",
            "time": 1.0,
            "transform_matrix": [
                [
                    0.9959874153137207,
                    -0.030262546613812447,
                    0.08422107249498367,
                    -0.34498974680900574
                ],
                [
                    -0.028363293036818504,
                    0.7858325242996216,
                    0.6177884936332703,
                    0.5822247266769409
                ],
                [
                    -0.08487952500581741,
                    -0.6176983714103699,
                    0.7818210124969482,
                    0.9645968079566956
                ],
                [
                    0.0,
