{
    "camera_angle_x": 1.0830044198612696,
    "camera_angle_y": 0.8475450664908479,
    "frames": [
        {
            "file_path": "start/train/rgba/0000.png",
            "time": 0.0,
            "transform_matrix": [
                [
                    0.9053025245666504,
                    0.24487312138080597,
                    -0.3470798134803772,
                    -1.2789140939712524
                ],
                [
                    0.11258430033922195,
                    0.649553656578064,
                    0.7519339323043823,
                    0.8928142786026001
                ],
                [
                    0.4095754027366638,
                    -0.7198033928871155,
                    0.5604736804962158,
                    0.48030194640159607
                ],
                [
                    0.0,
                    0.0,
                    0.0,
                    0.9999998807907104
                ]
            ]
        },
        {
            "file_path": "start/train/rgba/0001.png",
            "time": 0.0,
            "transform_matrix": [
                [
                    0.9039249420166016,
                    0.2493637651205063,
                    -0.3474726378917694,
                    -1.2818104028701782
                ],
                [
                    0.10663515329360962,
                    0.6553778648376465,
                    0.7477356195449829,
                    0.8937838673591614
                ],
                [
                    0.4141840934753418,
                    -0.7129497528076172,
                    0.5658214688301086,
                    0.4750620722770691
                ],
                [
                    0.0,
                    0.0,
                    0.0,
                    0.9999997615814209
                ]
            ]
        },
        {
            "file_path": "start/train/rgba/0002.png",
            "time": 0.0,
            "transform_matrix": [
                [
                    0.9047106504440308,
                    0.24969954788684845,
                    -0.3451792001724243,
                    -1.2840368747711182
                ],
                [
                    0.1028684601187706,
                    0.6582179665565491,
                    0.7457659840583801,
                    0.8945540189743042
                ],
                [
                    0.41342058777809143,
                    -0.7102105617523193,
                    0.569810688495636,
                    0.47337913513183594
                ],
                [
                    0.0,
                    0.0,
                    0.0,
                    0.9999999403953552
                ]
            ]
        },
        {
            "file_path": "start/train/rgba/0003.png",
            "time": 0.0,
            "transform_matrix": [
                [
                    0.9043667316436768,
                    0.2495846152305603,
                    -0.3461619019508362,
                    -1.2840629816055298
                ],
                [
                    0.1001901924610138,
                    0.6643027067184448,
                    0.7407183051109314,
                    0.8927314281463623
                ],
                [
                    0.41482821106910706,
                    -0.7045630812644958,
                    0.575767457485199,
                    0.47315114736557007
                ],
                [
                    0.0,
                    0.0,
                    0.0,
                    0.9999999403953552
                ]
            ]
        },
        {
            "file_path": "start/train/rgba/0004.png",
            "time": 0.0,
            "transform_matrix": [
                [
                    0.8976317048072815,
                    0.26639243960380554,
                    -0.3511297404766083,
                    -1.2848635911941528
                ],
                [
                    0.08849357068538666,
                    0.6715161204338074,
                    0.7356866002082825,
                    0.8800601959228516
                ],
                [
                    0.4317706525325775,
                    -0.6914483904838562,
                    0.579200267791748,
                    0.48066356778144836
                ],
                [
                    0.0,
                    0.0,
                    0.0,
                    0.9999998807907104
                ]
            ]
        },
        {
            "file_path": "start/train/rgba/0005.png",
            "time": 0.0,
            "transform_matrix": [
                [
                    0.8831344246864319,
                    0.311433345079422,
                    -0.35083112120628357,
                    -1.291587471961975
                ],
                [
                    0.05250918120145798,
                    0.6775268316268921,
                    0.7336211204528809,
                    0.8369752764701843
                ],
                [
                    0.46617159247398376,
                    -0.6663080453872681,
                    0.5819942355155945,
                    0.5040831565856934
                ],
                [
                    0.0,
                    0.0,
                    0.0,
                    0.9999998211860657
                ]
            ]
        },
        {
            "file_path": "start/train/rgba/0006.png",
            "time": 0.0,
            "transform_matrix": [
                [
                    0.8711956739425659,
                    0.3156232535839081,
                    -0.376031756401062,
                    -1.3100239038467407
                ],
                [
                    0.04044228047132492,
                    0.7172062397003174,
                    0.6956862211227417,
                    0.7945529222488403
                ],
                [
                    0.48926711082458496,
                    -0.6212865114212036,
                    0.6120625138282776,
                    0.5237887501716614
                ],
                [
                    0.0,
                    0.0,
                    0.0,
                    0.9999998807907104
                ]
            ]
        },
        {
            "file_path": "start/train/rgba/0007.png",
            "time": 0.0,
            "transform_matrix": [
                [
                    0.8943785429000854,
                    0.2915272116661072,
                    -0.33926212787628174,
                    -1.2613623142242432
                ],
                [
                    0.009217655286192894,
                    0.7462756633758545,
                    0.6655730605125427,
                    0.779556155204773
                ],
                [
                    0.447215735912323,
                    -0.5984014272689819,
                    0.6647657752037048,
                    0.5844297409057617
                ],
                [
                    0.0,
                    0.0,
                    0.0,
                    0.9999998807907104
                ]
            ]
        },
        {
            "file_path": "start/train/rgba/0008.png",
            "time": 0.0,
            "transform_matrix": [
                [
                    0.904793918132782,
                    0.29122406244277954,
                    -0.31070300936698914,
                    -1.1953679323196411
                ],
                [
                    -0.016442034393548965,
                    0.7529536485671997,
                    0.657867968082428,
                    0.7218070030212402
                ],
                [
                    0.4255319833755493,
                    -0.5901263952255249,
                    0.6860562562942505,
                    0.6491492390632629
                ],
                [
                    0.0,
                    0.0,
                    0.0,
                    0.9999999403953552
                ]
            ]
        },
        {
            "file_path": "start/train/rgba/0009.png",
            "time": 0.0,
            "transform_matrix": [
                [
                    0.9091629385948181,
                    0.2914334535598755,
                    -0.2974715530872345,
                    -1.1458441019058228
                ],
                [
                    -0.03611969202756882,
                    0.7668120265007019,
                    0.64085453748703,
                    0.6333551406860352
                ],
                [
                    0.4148712456226349,
                    -0.5718966126441956,
                    0.7076835632324219,
                    0.6810038089752197
                ],
                [
                    0.0,
                    0.0,
                    0.0,
                    0.9999998807907104
                ]
            ]
        },
        {
            "file_path": "start/train/rgba/0010.png",
            "time": 0.0,
            "transform_matrix": [
                [
                    0.908615231513977,
                    0.2917880117893219,
                    -0.29879409074783325,
                    -1.1341406106948853
                ],
                [
                    -0.04367220401763916,
                    0.7779060006141663,
                    0.6268611550331116,
                    0.571172833442688
                ],
                [
                    0.4153442680835724,
                    -0.5565266013145447,
                    0.7195603251457214,
                    0.694867730140686
                ],
                [
                    0.0,
                    0.0,
                    0.0,
                    0.9999999403953552
                ]
            ]
        },
        {
            "file_path": "start/train/rgba/0011.png",
            "time": 0.0,
            "transform_matrix": [
                [
                    0.9089512228965759,
                    0.2977633774280548,
                    -0.29179510474205017,
                    -1.1415389776229858
                ],
                [
                    -0.0519447885453701,
                    0.7753467559814453,
                    0.6293957233428955,
                    0.5183448791503906
                ],
                [
                    0.4136533737182617,
                    -0.5569328665733337,
                    0.7202197313308716,
                    0.6947612762451172
                ],
                [
                    0.0,
                    0.0,
                    0.0,
                    0.9999998807907104
                ]
            ]
        },
        {
            "file_path": "start/train/rgba/0012.png",
            "time": 0.0,
            "transform_matrix": [
                [
                    0.9108152985572815,
                    0.28848573565483093,
                    -0.29528161883354187,
                    -1.145777940750122
                ],
                [
                    -0.047821056097745895,
                    0.7842079997062683,
                    0.6186524033546448,
                    0.4701208770275116
                ],
                [
                    0.4100345969200134,
                    -0.5493574738502502,
                    0.7280644178390503,
                    0.7071906328201294
                ],
                [
                    0.0,
                    0.0,
                    0.0,
                    0.9999999403953552
                ]
            ]
        },
        {
            "file_path": "start/train/rgba/0013.png",
            "time": 0.0,
            "transform_matrix": [
                [
                    0.9134683609008789,
                    0.2720543444156647,
                    -0.30259183049201965,
                    -1.1516824960708618
                ],
                [
                    -0.048144470900297165,
                    0.8106709122657776,
                    0.5835191011428833,
                    0.4596180021762848
                ],
                [
                    0.4040513336658478,
                    -0.5184581875801086,
                    0.7536202669143677,
                    0.7268275022506714
                ],
                [
                    0.0,
                    0.0,
                    0.0,
                    0.9999998211860657
                ]
            ]
        },
        {
            "file_path": "start/train/rgba/0014.png",
            "time": 0.0,
            "transform_matrix": [
                [
                    0.9122875928878784,
                    0.25848910212516785,
                    -0.31767037510871887,
                    -1.1605591773986816
                ],
                [
                    -0.04289477318525314,
                    0.8316978216171265,
                    0.553568959236145,
                    0.4749729335308075
                ],
                [
                    0.4072973132133484,
                    -0.4913877248764038,
                    0.7698354721069336,
                    0.760185182094574
                ],
                [
                    0.0,
                    0.0,
                    0.0,
                    0.9999999403953552
                ]
            ]
        },
        {
            "file_path": "start/train/rgba/0015.png",
            "time": 0.0,
            "transform_matrix": [
                [
                    0.9138557314872742,
                    0.25667983293533325,
                    -0.31461551785469055,
                    -1.164310097694397
                ],
                [
                    -0.05320410802960396,
                    0.8438576459884644,
                    0.5339226722717285,
                    0.5044094324111938
                ],
                [
                    0.40253788232803345,
                    -0.47118955850601196,
                    0.7848206758499146,
                    0.7825473546981812
                ],
                [
                    0.0,
                    0.0,
                    0.0,
                    0.9999998807907104
                ]
            ]
        },
        {
            "file_path": "start/train/rgba/0016.png",
            "time": 0.0,
            "transform_matrix": [
                [
                    0.9199721813201904,
                    0.25515028834342957,
                    -0.2975722849369049,
                    -1.1537781953811646
                ],
                [
                    -0.056311141699552536,
                    0.8372970223426819,
                    0.5438405871391296,
                    0.6086649894714355
                ],
                [
                    0.38791748881340027,
                    -0.4835616648197174,
                    0.7846578359603882,
                    0.809142529964447
                ],
                [
                    0.0,
                    0.0,
                    0.0,
                    0.9999999403953552
                ]
            ]
        },
        {
            "file_path": "start/train/rgba/0017.png",
            "time": 0.0,
            "transform_matrix": [
                [
                    0.9303939938545227,
                    0.257470041513443,
                    -0.26091375946998596,
                    -1.1568379402160645
                ],
                [
                    -0.04441669583320618,
                    0.7857295870780945,
                    0.6169732213020325,
                    0.6845250129699707
                ],
                [
                    0.36385974287986755,
                    -0.5624393224716187,
                    0.7424741983413696,
                    0.8277102112770081
                ],
                [
                    0.0,
                    0.0,
                    0.0,
                    0.9999999403953552
                ]
            ]
        },
        {
            "file_path": "start/train/rgba/0018.png",
            "time": 0.0,
            "transform_matrix": [
                [
                    0.9428128600120544,
                    0.22011308372020721,
                    -0.25030770897865295,
                    -1.1521199941635132
                ],
                [
                    0.004054532386362553,
                    0.7433192133903503,
                    0.6689243912696838,
                    0.7195460796356201
                ],
                [
                    0.3332975506782532,
                    -0.6316854953765869,
                    0.6999185085296631,
                    0.7866520285606384
                ],
                [
                    0.0,
                    0.0,
                    0.0,
                    0.9999998807907104
                ]
            ]
        },
        {
            "file_path": "start/train/rgba/0019.png",
            "time": 0.0,
            "transform_matrix": [
                [
                    0.9483652114868164,
                    0.1880006045103073,
                    -0.25545889139175415,
                    -1.1251953840255737
                ],
                [
                    0.03422314301133156,
                    0.7400518655776978,
                    0.6716784834861755,
                    0.7417845129966736
                ],
                [
                    0.31532880663871765,
                    -0.6457390785217285,
                    0.6954054236412048,
                    0.7360193133354187
                ],
                [
                    0.0,
                    0.0,
                    0.0,
                    1.0
                ]
            ]
        },
        {
            "file_path": "start/train/rgba/0020.png",
            "time": 0.0,
            "transform_matrix": [
                [
                    0.9751597046852112,
                    0.1251969188451767,
                    -0.18272700905799866,
                    -1.0107378959655762
                ],
                [
                    0.02478211559355259,
                    0.7580966949462891,
                    0.6516709923744202,
                    0.7551618814468384
                ],
                [
                    0.2201118916273117,
                    -0.640011727809906,
                    0.7361627221107483,
                    0.7651826739311218
                ],
                [
                    0.0,
                    0.0,
                    0.0,
                    0.9999999403953552
                ]
            ]
        },
        {
            "file_path": "start/train/rgba/0021.png",
            "time": 0.0,
            "transform_matrix": [
                [
                    0.990455150604248,
                    0.08567886054515839,
                    -0.10797051340341568,
                    -0.8793586492538452
                ],
                [
                    0.0038838793989270926,
                    0.765671968460083,
                    0.6432193517684937,
                    0.7631222009658813
                ],
                [
                    0.13778027892112732,
                    -0.6374992728233337,
                    0.7580310702323914,
                    0.8296341300010681
                ],
                [
                    0.0,
                    0.0,
                    0.0,
                    0.9999999403953552
                ]
            ]
        },
        {
            "file_path": "start/train/rgba/0022.png",
            "time": 0.0,
            "transform_matrix": [
                [
                    0.9923419952392578,
                    0.08949162065982819,
                    -0.08513696491718292,
                    -0.8007242679595947
                ],
                [
                    -0.013675269670784473,
                    0.7646215558052063,
                    0.6443343758583069,
                    0.7650352716445923
                ],
                [
                    0.12276003509759903,
                    -0.638235867023468,
                    0.7599899768829346,
                    0.8650432229042053
                ],
                [
                    0.0,
                    0.0,
                    0.0,
                    0.9999999403953552
                ]
            ]
        },
        {
            "file_path": "start/train/rgba/0023.png",
            "time": 0.0,
            "transform_matrix": [
                [
                    0.9946668148040771,
                    0.07792756706476212,
                    -0.0675651878118515,
                    -0.7657416462898254
                ],
                [
                    -0.01546032726764679,
                    0.7603353261947632,
                    0.649346649646759,
                    0.7593567371368408
                ],
                [
                    0.10197419673204422,
                    -0.6448389291763306,
                    0.7574851512908936,
                    0.852989137172699
                ],
                [
                    0.0,
                    0.0,
                    0.0,
                    0.9999998807907104
                ]
            ]
        },
        {
            "file_path": "start/train/rgba/0024.png",
            "time": 0.0,
            "transform_matrix": [
                [
                    0.998731791973114,
                    0.04521923139691353,
                    -0.02213187888264656,
                    -0.6710614562034607
                ],
                [
                    -0.019023407250642776,
                    0.7459763288497925,
                    0.6657006144523621,
                    0.7551360130310059
                ],
                [
                    0.04661227762699127,
                    -0.6644353270530701,
                    0.7458906173706055,
                    0.826759397983551
                ],
                [
                    0.0,
                    0.0,
                    0.0,
                    0.9999999403953552
                ]
            ]
        },
        {
            "file_path": "start/train/rgba/0025.png",
            "time": 0.0,
            "transform_matrix": [
                [
                    0.9992873072624207,
                    0.011285640299320221,
                    0.03601831942796707,
                    -0.5822874903678894
                ],
                [
                    -0.032532282173633575,
                    0.741407036781311,
                    0.670266330242157,
                    0.75530606508255
                ],
                [
                    -0.019139811396598816,
                    -0.6709604859352112,
                    0.7412458658218384,
                    0.8068310022354126
                ],
                [
                    0.0,
                    0.0,
                    0.0,
                    0.9999998211860657
                ]
            ]
        },
        {
            "file_path": "start/train/rgba/0026.png",
            "time": 0.0,
            "transform_matrix": [
                [
                    0.9929003119468689,
                    -0.015093771740794182,
                    0.11798693239688873,
                    -0.499944269657135
                ],
                [
                    -0.06725730746984482,
                    0.7468870878219604,
                    0.6615405082702637,
                    0.7689183354377747
                ],
                [
                    -0.09810812026262283,
                    -0.6647793054580688,
                    0.7405692934989929,
                    0.8228340148925781
                ],
                [
                    0.0,
                    0.0,
                    0.0,
                    0.9999998211860657
                ]
            ]
        },
        {
            "file_path": "start/train/rgba/0027.png",
            "time": 0.0,
            "transform_matrix": [
                [
                    0.9756791591644287,
                    -0.0801304504275322,
                    0.20403195917606354,
                    -0.38495713472366333
                ],
                [
                    -0.07591754198074341,
                    0.7496598958969116,
                    0.6574544310569763,
                    0.7838804721832275
                ],
                [
                    -0.20563679933547974,
                    -0.656954288482666,
                    0.7253443002700806,
                    0.8522137999534607
                ],
                [
                    0.0,
                    0.0,
                    0.0,
                    0.9999999403953552
                ]
            ]
        },
        {
            "file_path": "start/train/rgba/0028.png",
            "time": 0.0,
            "transform_matrix": [
                [
                    0.9571337699890137,
                    -0.13802607357501984,
                    0.2546437978744507,
                    -0.30768564343452454
                ],
                [
                    -0.06878641992807388,
                    0.7456860542297363,
                    0.6627371907234192,
                    0.7862128019332886
                ],
                [
                    -0.28135940432548523,
                    -0.6518442630767822,
                    0.7042270302772522,
                    0.8594877123832703
                ],
                [
                    0.0,
                    0.0,
                    0.0,
                    0.9999999403953552
                ]
            ]
        },
        {
            "file_path": "start/train/rgba/0029.png",
            "time": 0.0,
            "transform_matrix": [
                [
                    0.9503752589225769,
                    -0.17479754984378815,
                    0.2573569416999817,
                    -0.2633894979953766
                ],
                [
                    -0.05339375138282776,
                    0.7233145833015442,
                    0.6884511113166809,
                    0.7791483402252197
                ],
                [
                    -0.3064896762371063,
                    -0.6680281758308411,
                    0.6780872941017151,
                    0.8011155724525452
                ],
                [
                    0.0,
                    0.0,
                    0.0,
                    0.9999999403953552
                ]
            ]
        },
        {
            "file_path": "start/train/rgba/0030.png",
            "time": 0.0,
            "transform_matrix": [
                [
                    0.9252890944480896,
                    -0.2345626950263977,
                    0.2980273962020874,
                    -0.22597412765026093
                ],
                [
                    -0.049747906625270844,
                    0.7039543390274048,
                    0.7085006833076477,
                    0.7888814210891724
                ],
                [
                    -0.37598559260368347,
                    -0.6703941822052002,
                    0.6396922469139099,
                    0.7393559813499451
                ],
                [
                    0.0,
                    0.0,
                    0.0,
                    0.9999999403953552
                ]
            ]
        },
        {
            "file_path": "start/train/rgba/0031.png",
            "time": 0.0,
            "transform_matrix": [
                [
                    0.9088878631591797,
                    -0.26256152987480164,
                    0.3240123391151428,
                    -0.171133354306221
                ],
                [
                    -0.04747568070888519,
                    0.7067409157752991,
                    0.7058775424957275,
                    0.8015276193618774
                ],
                [
                    -0.41432908177375793,
                    -0.6569463610649109,
                    0.6298830509185791,
                    0.7051856517791748
                ],
                [
                    0.0,
                    0.0,
                    0.0,
                    0.9999999403953552
                ]
            ]
        },
        {
            "file_path": "start/train/rgba/0032.png",
            "time": 0.0,
            "transform_matrix": [
                [
                    0.8462739586830139,
                    -0.3316607177257538,
                    0.4169188141822815,
                    -0.051742732524871826
                ],
                [
                    -0.05648393556475639,
                    0.7223128080368042,
                    0.6892558336257935,
                    0.8199096918106079
                ],
                [
                    -0.5297449231147766,
                    -0.6068485379219055,
                    0.5925410985946655,
                    0.7118803262710571
                ],
                [
                    0.0,
                    0.0,
                    0.0,
                    0.9999999403953552
                ]
            ]
        },
        {
            "file_path": "start/train/rgba/0033.png",
            "time": 0.0,
            "transform_matrix": [
                [
                    0.8152489066123962,
                    -0.35396236181259155,
                    0.45834460854530334,
                    0.05765637755393982
                ],
                [
                    -0.06542215496301651,
                    0.7301039695739746,
                    0.6801970601081848,
                    0.8463337421417236
                ],
                [
                    -0.5754034519195557,
                    -0.5845158100128174,
                    0.5720595121383667,
                    0.7059569954872131
                ],
                [
                    0.0,
                    0.0,
                    0.0,
                    0.9999999403953552
                ]
            ]
        },
        {
            "file_path": "start/train/rgba/0034.png",
            "time": 0.0,
            "transform_matrix": [
                [
                    0.7851258516311646,
                    -0.3728031516075134,
                    0.49456551671028137,
                    0.1289948970079422
                ],
                [
                    -0.06349629163742065,
                    0.745881199836731,
                    0.6630454659461975,
                    0.873907208442688
                ],
                [
                    -0.6160726547241211,
                    -0.5519772171974182,
                    0.561939001083374,
                    0.7025406360626221
                ],
                [
                    0.0,
                    0.0,
                    0.0,
                    0.9999998807907104
                ]
            ]
        },
        {
            "file_path": "start/train/rgba/0035.png",
            "time": 0.0,
            "transform_matrix": [
                [
                    0.7945417165756226,
                    -0.38480162620544434,
                    0.4697137176990509,
                    0.1633830964565277
                ],
                [
                    -0.0510413721203804,
                    0.7284982204437256,
                    0.6831434965133667,
                    0.8812433481216431
                ],
                [
                    -0.6050603985786438,
                    -0.5667608380317688,
                    0.5591814517974854,
                    0.707806408405304
                ],
                [
                    0.0,
                    0.0,
                    0.0,
                    0.9999999403953552
                ]
            ]
        },
        {
            "file_path": "start/train/rgba/0036.png",
            "time": 0.0,
            "transform_matrix": [
                [
                    0.8071436882019043,
                    -0.4133273959159851,
                    0.4215201139450073,
                    0.15705342590808868
                ],
                [
                    0.021240906789898872,
                    0.7338817715644836,
                    0.6789449453353882,
                    0.9058818817138672
                ],
                [
                    -0.5899726152420044,
                    -0.5390527248382568,
                    0.6011275053024292,
                    0.7151410579681396
                ],
                [
                    0.0,
                    0.0,
                    0.0,
                    0.9999998807907104
                ]
            ]
        },
        {
            "file_path": "start/train/rgba/0037.png",
            "time": 0.0,
            "transform_matrix": [
                [
                    0.7696738839149475,
                    -0.46937307715415955,
                    0.4327712655067444,
                    0.2330694943666458
                ],
                [
                    0.055475957691669464,
                    0.7244654297828674,
                    0.6870748996734619,
                    0.940264105796814
                ],
                [
                    -0.6360222697257996,
                    -0.5048151612281799,
                    0.5836411118507385,
                    0.7166613340377808
                ],
                [
                    0.0,
                    0.0,
                    0.0,
                    0.9999998807907104
                ]
            ]
        },
        {
            "file_path": "start/train/rgba/0038.png",
            "time": 0.0,
            "transform_matrix": [
                [
                    0.7412446737289429,
                    -0.4703320264816284,
                    0.4788985550403595,
                    0.2948271930217743
                ],
                [
                    0.049933768808841705,
                    0.7501198649406433,
                    0.6594138145446777,
                    0.9830390214920044
                ],
                [
                    -0.6693748235702515,
                    -0.4648738205432892,
                    0.5795078873634338,
                    0.7076014876365662
                ],
                [
                    0.0,
                    0.0,
                    0.0,
                    0.9999999403953552
                ]
            ]
        },
        {
            "file_path": "start/train/rgba/0039.png",
            "time": 0.0,
            "transform_matrix": [
                [
                    0.757673978805542,
                    -0.449321448802948,
                    0.47332876920700073,
                    0.30474022030830383
                ],
                [
                    0.04567590728402138,
                    0.7599896788597107,
                    0.6483279466629028,
                    1.0294042825698853
                ],
                [
                    -0.6510327458381653,
                    -0.4696015417575836,
                    0.5963476896286011,
                    0.6887973546981812
                ],
                [
                    0.0,
                    0.0,
                    0.0,
                    0.9999999403953552
                ]
            ]
        },
        {
            "file_path": "start/train/rgba/0040.png",
            "time": 0.0,
            "transform_matrix": [
                [
                    0.7852863669395447,
                    -0.42605942487716675,
                    0.4492199718952179,
                    0.26158252358436584
                ],
                [
                    0.019130906090140343,
                    0.7419149279594421,
                    0.6702209711074829,
                    1.0722373723983765
                ],
                [
                    -0.6188369989395142,
                    -0.51772141456604,
                    0.5907666087150574,
                    0.6855380535125732
                ],
                [
                    0.0,
                    0.0,
                    0.0,
                    0.9999999403953552
                ]
            ]
        },
        {
            "file_path": "start/train/rgba/0041.png",
            "time": 0.0,
            "transform_matrix": [
                [
                    0.8314026594161987,
                    -0.4054826498031616,
                    0.37993839383125305,
                    0.16907522082328796
                ],
                [
                    0.015548203140497208,
                    0.700455904006958,
                    0.7135261297225952,
                    1.0680783987045288
                ],
                [
                    -0.5554527044296265,
                    -0.5873202681541443,
                    0.5886654853820801,
                    0.6976295709609985
                ],
                [
                    0.0,
                    0.0,
                    0.0,
                    0.9999999403953552
                ]
            ]
        },
        {
            "file_path": "start/train/rgba/0042.png",
            "time": 0.0,
            "transform_matrix": [
                [
                    0.904330849647522,
                    -0.309504896402359,
                    0.29392555356025696,
                    -0.014603675343096256
                ],
                [
                    -0.009939766488969326,
                    0.6731637716293335,
                    0.7394264340400696,
                    1.0536147356033325
                ],
                [
                    -0.42671626806259155,
                    -0.6716077327728271,
                    0.605686366558075,
                    0.7186378240585327
                ],
                [
                    0.0,
                    0.0,
                    0.0,
                    0.9999998211860657
                ]
            ]
        },
        {
            "file_path": "start/train/rgba/0043.png",
            "time": 0.0,
            "transform_matrix": [
                [
                    0.9463311433792114,
                    -0.2310028374195099,
                    0.22604161500930786,
                    -0.15895597636699677
                ],
                [
                    -0.02298334613442421,
                    0.6495203375816345,
                    0.7599966526031494,
                    1.0466200113296509
                ],
                [
                    -0.3223799765110016,
                    -0.7244037985801697,
                    0.6093522310256958,
                    0.7541680932044983
                ],
                [
                    0.0,
                    0.0,
                    0.0,
                    0.9999999403953552
                ]
            ]
        },
        {
            "file_path": "start/train/rgba/0044.png",
            "time": 0.0,
            "transform_matrix": [
                [
                    0.951850414276123,
                    -0.19444534182548523,
                    0.23700544238090515,
                    -0.24730511009693146
                ],
                [
                    -0.04859820008277893,
                    0.6676222681999207,
                    0.742912232875824,
                    1.0397793054580688
                ],
                [
                    -0.3026859760284424,
                    -0.7186594605445862,
                    0.6260269284248352,
